squatch_data_from_lozier/BF-prints.asc
ncols         408
nrows         396
xllcorner     -135.0
yllcorner     23.0
cellsize      0.08333333333333333
NODATA_value  -9999
[rows 250 to 274 of 396, columns 342 to 398 of 408]
1.75828E-2 1.65507E-2 1.32216E-2 3.40431E-3 3.41788E-3 3.03454E-3 3.26272E-3 4.18504E-3 5.30442E-3 6.82327E-3 7.30681E-3 6.79864E-3 6.14441E-3 4.66364E-3 4.2596E-3 3.4889E-3 2.81015E-3 2.63083E-3 2.78142E-3 2.02953E-3 2.30455E-3 2.36E-3 2.2349E-3 2.15383E-3 1.76501E-3 2.00294E-3 1.98641E-3 1.95041E-3 2.00848E-3 1.91507E-3 2.14183E-3 2.20464E-3 2.1778E-3 2.34551E-3 2.29545E-3 2.04005E-3 1.66846E-3 1.49657E-3 1.29715E-3 1.21586E-3 1.15642E-3 1.16658E-3 1.36079E-3 1.53587E-3 1.52151E-3 1.47977E-3 1.56648E-3 1.4883E-3 1.51784E-3 1.52756E-3 1.54706E-3 1.59642E-3 1.77205E-3 1.75718E-3 1.79533E-3 1.74216E-3 1.69109E-3
3.0752E-3 1.45281E-2 1.64705E-2 4.24205E-3 3.12432E-3 2.79553E-3 2.94455E-3 4.05857E-3 5.10463E-3 7.01832E-3 7.25513E-3 6.74797E-3 6.62423E-3 6.31788E-3 5.31362E-3 5.05585E-3 4.23049E-3 3.09656E-3 3.6358E-3 3.21315E-3 2.85782E-3 2.47396E-3 2.15481E-3 2.51775E-3 2.26911E-3 2.51179E-3 2.14269E-3 2.24916E-3 2.35911E-3 2.4455E-3 2.39509E-3 2.45776E-3 2.30344E-3 2.28743E-3 2.37961E-3 1.96909E-3 1.80942E-3 1.63486E-3 1.36075E-3 1.23703E-3 1.23306E-3 1.43212E-3 1.67279E-3 1.62295E-3 1.56883E-3 1.55922E-3 1.57198E-3 1.5627E-3 1.53991E-3 1.61147E-3 1.63566E-3 1.65045E-3 1.72753E-3 1.73396E-3 1.72453E-3 1.69965E-3 1.64895E-3
2.66794E-3 1.8244E-2 1.88541E-2 4.36497E-3 2.94007E-3 2.53019E-3 2.9215E-3 3.81781E-3 5.16801E-3 7.41498E-3 7.91766E-3 7.90614E-3 7.51328E-3 6.83602E-3 5.60188E-3 4.86313E-3 4.372E-3 3.60694E-3 3.28268E-3 3.43931E-3 2.95166E-3 2.2899E-3 2.56352E-3 2.46255E-3 2.7108E-3 2.7713E-3 3.16924E-3 3.22055E-3 3.98992E-3 3.57364E-3 2.52068E-3 2.40063E-3 2.20872E-3 2.5672E-3 2.25134E-3 2.07787E-3 2.11675E-3 2.42916E-3 1.96081E-3 1.73218E-3 1.64655E-3 1.63567E-3 1.70985E-3 1.68857E-3 1.66985E-3 1.67521E-3 1.67766E-3 1.69643E-3 1.59484E-3 1.58058E-3 1.70005E-3 1.72548E-3 1.84109E-3 1.84596E-3 1.64592E-3 1.762E-3 1.75387E-3
2.12635E-3 1.89025E-2 1.91373E-2 3.8067E-3 2.62297E-3 2.24991E-3 2.43769E-3 3.28408E-3 4.81873E-3 6.87742E-3 8.06602E-3 8.11571E-3 7.87626E-3 6.53619E-3 5.24104E-3 4.15446E-3 3.63577E-3 3.43217E-3 3.58977E-3 2.97115E-3 2.56846E-3 2.35302E-3 2.00929E-3 2.21555E-3 2.59335E-3 2.70741E-3 2.61958E-3 2.77135E-3 3.53569E-3 3.89649E-3 3.16477E-3 2.55925E-3 2.52301E-3 2.49738E-3 2.47949E-3 2.3866E-3 2.29155E-3 2.25916E-3 2.25083E-3 2.09161E-3 2.03415E-3 1.96704E-3 1.78292E-3 1.73942E-3 1.7561E-3 1.70371E-3 1.6233E-3 1.55988E-3 1.59136E-3 1.62059E-3 1.6312E-3 1.69773E-3 1.73562E-3 1.93433E-3 1.82778E-3 1.78911E-3 1.72697E-3
1.38112E-2 2.54633E-2 7.08919E-3 3.29451E-3 2.27465E-3 1.92678E-3 2.29322E-3 2.91265E-3 4.13435E-3 6.20812E-3 8.33311E-3 8.18915E-3 8.53311E-3 7.02502E-3 6.31776E-3 5.04133E-3 4.99595E-3 4.48814E-3 3.50383E-3 3.09186E-3 2.88059E-3 2.85046E-3 2.21493E-3 1.94949E-3 2.07319E-3 2.19153E-3 2.46819E-3 3.25579E-3 4.06185E-3 3.94025E-3 3.50059E-3 3.42192E-3 3.20408E-3 3.11636E-3 2.9139E-3 2.63651E-3 2.57619E-3 2.38505E-3 2.34314E-3 2.16336E-3 2.10795E-3 1.96769E-3 1.83859E-3 1.71128E-3 1.61002E-3 1.59909E-3 1.60734E-3 1.5989E-3 1.62971E-3 1.6388E-3 1.68261E-3 1.80112E-3 1.88822E-3 1.89053E-3 1.8078E-3 1.78387E-3 1.69663E-3
9.90348E-3 2.40771E-2 4.4424E-3 2.93939E-3 2.22232E-3 2.05835E-3 2.28947E-3 2.87774E-3 4.09215E-3 6.04866E-3 7.87724E-3 8.39032E-3 8.7149E-3 9.54259E-3 7.44464E-3 5.91184E-3 4.45543E-3 3.79086E-3 3.31371E-3 3.16672E-3 2.95906E-3 2.81787E-3 2.30985E-3 2.32503E-3 1.95982E-3 1.95253E-3 2.64209E-3 2.93871E-3 3.07792E-3 3.7344E-3 3.56979E-3 3.36413E-3 3.22018E-3 3.05177E-3 2.94554E-3 2.69328E-3 2.698E-3 2.63632E-3 2.44041E-3 2.42854E-3 2.27004E-3 2.1817E-3 2.02078E-3 1.76308E-3 1.76833E-3 1.74213E-3 1.72695E-3 1.61213E-3 1.58904E-3 1.58714E-3 1.6275E-3 1.81461E-3 1.8823E-3 1.81089E-3 1.76356E-3 1.72997E-3 1.69728E-3
3.05995E-2 1.58366E-2 4.46837E-3 2.99255E-3 2.58166E-3 2.32943E-3 2.44781E-3 3.37874E-3 5.03134E-3 6.49644E-3 7.80688E-3 8.99633E-3 7.6851E-3 9.1202E-3 8.3528E-3 6.03733E-3 4.63813E-3 3.39932E-3 3.09638E-3 3.06225E-3 2.58243E-3 2.43271E-3 2.41591E-3 2.24353E-3 1.79416E-3 1.9001E-3 2.23049E-3 2.45151E-3 2.66237E-3 3.6027E-3 3.68139E-3 3.41149E-3 3.12946E-3 2.95475E-3 3.05329E-3 2.91221E-3 2.87183E-3 2.99325E-3 2.98296E-3 2.80952E-3 2.37481E-3 2.17091E-3 2.02487E-3 1.82511E-3 1.75493E-3 1.72097E-3 1.75945E-3 1.67327E-3 1.62181E-3 1.63679E-3 1.61428E-3 1.65608E-3 1.78104E-3 1.78427E-3 1.7616E-3 1.75274E-3 1.63084E-3
1.39106E-2 1.27275E-2 4.94652E-3 3.88266E-3 3.38297E-3 2.86428E-3 2.87917E-3 3.864E-3 5.69987E-3 6.93349E-3 7.37903E-3 7.77388E-3 9.7846E-3 8.76309E-3 7.01047E-3 6.1279E-3 5.63627E-3 3.98545E-3 3.22409E-3 3.21404E-3 2.62649E-3 2.53592E-3 2.37213E-3 2.23968E-3 1.75289E-3 1.66871E-3 1.71982E-3 1.95252E-3 2.45909E-3 3.3498E-3 2.75852E-3 2.79643E-3 3.01199E-3 2.85742E-3 2.97909E-3 2.91532E-3 3.12434E-3 3.12989E-3 3.30211E-3 2.85085E-3 2.38967E-3 2.13788E-3 1.97739E-3 1.82634E-3 1.73833E-3 1.74062E-3 1.66042E-3 1.68223E-3 1.62763E-3 1.58534E-3 1.63397E-3 1.67215E-3 1.76201E-3 1.73798E-3 1.74682E-3 1.70747E-3 1.64592E-3
2.67171E-3 3.20706E-3 4.54172E-3 8.24669E-3 6.83253E-3 5.54846E-3 5.46771E-3 4.34854E-3 4.88264E-3 6.58239E-3 6.10898E-3 6.73176E-3 1.07E-2 8.71002E-3 6.51452E-3 5.60262E-3 5.63337E-3 4.59568E-3 3.72219E-3 3.6904E-3 2.69238E-3 2.3429E-3 2.10164E-3 2.13573E-3 1.84499E-3 1.94138E-3 1.61648E-3 1.8896E-3 2.14355E-3 2.15743E-3 2.03887E-3 2.24817E-3 2.63253E-3 2.63062E-3 2.64991E-3 2.93019E-3 3.15993E-3 3.4457E-3 3.4724E-3 2.90905E-3 2.4739E-3 2.09727E-3 1.90772E-3 1.68461E-3 1.64585E-3 1.60186E-3 1.49761E-3 1.4924E-3 1.48784E-3 1.51095E-3 1.56832E-3 1.63887E-3 1.70746E-3 1.79827E-3 1.80174E-3 1.78759E-3 1.71133E-3
3.34555E-3 5.7482E-3 9.62642E-3 9.22211E-3 7.19452E-3 6.35615E-3 5.52733E-3 5.52338E-3 5.92008E-3 7.1031E-3 8.16396E-3 8.6897E-3 1.0426E-2 7.9241E-3 6.22871E-3 5.66208E-3 5.05743E-3 4.03486E-3 3.77507E-3 3.14088E-3 2.61539E-3 2.27839E-3 2.08777E-3 2.00742E-3 1.89761E-3 2.02385E-3 1.86897E-3 1.58756E-3 1.82597E-3 2.27456E-3 2.01846E-3 2.04432E-3 2.19446E-3 2.11484E-3 2.28908E-3 2.60233E-3 2.92547E-3 3.34464E-3 3.45659E-3 2.71924E-3 2.24604E-3 1.99072E-3 1.80697E-3 1.58204E-3 1.49267E-3 1.42594E-3 1.41245E-3 1.36963E-3 1.48754E-3 1.47652E-3 1.57464E-3 1.62226E-3 1.68716E-3 1.77376E-3 1.79749E-3 1.87253E-3 1.82275E-3
6.79899E-3 7.14269E-3 8.57471E-3 7.91926E-3 7.30052E-3 6.53831E-3 6.97122E-3 1.07279E-2 1.49E-2 1.08038E-2 1.12029E-2 9.95205E-3 9.41441E-3 7.81491E-3 6.68649E-3 5.40181E-3 4.42745E-3 3.61441E-3 3.04003E-3 2.87548E-3 2.33717E-3 1.84194E-3 1.79513E-3 1.83086E-3 1.66906E-3 1.59534E-3 1.54751E-3 1.40224E-3 1.79936E-3 2.42792E-3 2.67699E-3 2.46311E-3 2.39327E-3 2.16948E-3 2.10637E-3 2.46341E-3 2.16418E-3 2.42666E-3 2.43703E-3 2.21877E-3 2.06768E-3 1.86193E-3 1.57739E-3 1.43607E-3 1.33171E-3 1.26427E-3 1.23004E-3 1.32643E-3 1.42525E-3 1.47786E-3 1.59127E-3 1.62975E-3 1.72881E-3 1.81667E-3 1.80958E-3 1.84984E-3 1.94984E-3
4.36529E-3 4.77599E-3 5.79929E-3 7.86761E-3 6.27577E-3 6.61282E-3 7.9264E-3 1.29702E-2 2.32363E-2 1.49132E-2 1.26214E-2 1.28869E-2 1.06777E-2 7.23132E-3 5.55126E-3 4.51328E-3 3.50963E-3 2.84405E-3 2.28084E-3 2.20325E-3 2.0703E-3 1.46957E-3 1.31989E-3 1.40522E-3 1.37947E-3 1.31046E-3 1.24734E-3 1.38398E-3 1.69478E-3 2.15348E-3 2.72166E-3 2.5182E-3 3.02777E-3 2.48419E-3 2.09021E-3 2.22316E-3 2.23354E-3 1.83265E-3 1.85724E-3 2.16976E-3 1.69499E-3 1.60235E-3 1.48375E-3 1.31675E-3 1.2018E-3 1.1322E-3 1.21834E-3 1.29049E-3 1.32934E-3 1.46487E-3 1.56774E-3 1.69741E-3 1.78865E-3 1.84457E-3 1.90536E-3 1.91761E-3 2.34013E-3
3.64453E-3 3.73443E-3 5.93625E-3 8.2233E-3 7.00851E-3 6.33911E-3 7.59352E-3 1.02147E-2 1.51627E-2 1.27772E-2 1.17743E-2 1.11207E-2 9.28336E-3 6.70684E-3 4.91682E-3 3.88998E-3 3.04298E-3 2.6272E-3 2.2645E-3 1.85671E-3 1.76995E-3 1.56788E-3 1.37787E-3 1.15767E-3 1.21651E-3 1.20088E-3 1.11324E-3 1.36383E-3 1.60455E-3 1.93411E-3 2.21493E-3 2.7557E-3 2.9173E-3 2.7816E-3 2.5793E-3 2.27611E-3 2.19294E-3 2.01044E-3 1.58771E-3 1.58629E-3 1.81436E-3 1.48118E-3 1.48232E-3 1.37986E-3 1.31461E-3 1.29461E-3 1.3244E-3 1.35664E-3 1.37935E-3 1.51736E-3 1.58827E-3 1.68248E-3 1.7437E-3 1.82122E-3 1.96209E-3 1.93902E-3 2.43677E-3
3.15597E-3 4.08959E-3 5.693E-3 8.70631E-3 8.28421E-3 6.7629E-3 6.3089E-3 7.80462E-3 7.9454E-3 1.00836E-2 1.19203E-2 9.74511E-3 7.43501E-3 6.0676E-3 4.33452E-3 3.26813E-3 2.44831E-3 2.33639E-3 2.04548E-3 1.76775E-3 1.72394E-3 1.54386E-3 1.29327E-3 1.17116E-3 1.20895E-3 1.06067E-3 1.02255E-3 1.15716E-3 1.32323E-3 1.78045E-3 2.28421E-3 2.67232E-3 2.75083E-3 2.55116E-3 2.47972E-3 2.51707E-3 2.47791E-3 2.28023E-3 1.80765E-3 1.69791E-3 1.85937E-3 1.64945E-3 1.66933E-3 1.46112E-3 1.37756E-3 1.41331E-3 1.40214E-3 1.44437E-3 1.45839E-3 1.49656E-3 1.61172E-3 1.71537E-3 1.78014E-3 1.96766E-3 1.98052E-3 1.97139E-3 2.36789E-3
2.99575E-3 4.45192E-3 6.66728E-3 1.08294E-2 9.89848E-3 6.44944E-3 5.50836E-3 5.52639E-3 7.45735E-3 8.75642E-3 1.16915E-2 9.55256E-3 8.39024E-3 7.41836E-3 5.64873E-3 3.55879E-3 2.79625E-3 2.22346E-3 1.93214E-3 1.70376E-3 1.63479E-3 1.50885E-3 1.53114E-3 1.42058E-3 1.22564E-3 1.0997E-3 9.70962E-4 1.05173E-3 1.25554E-3 1.65554E-3 2.23231E-3 2.9213E-3 3.25605E-3 2.70208E-3 2.87481E-3 2.79732E-3 2.65493E-3 2.47947E-3 2.13083E-3 2.02247E-3 2.14648E-3 1.73813E-3 1.64687E-3 1.48036E-3 1.37619E-3 1.36933E-3 1.41959E-3 1.39963E-3 1.39195E-3 1.51481E-3 1.69567E-3 1.78371E-3 1.90151E-3 1.99681E-3 2.17188E-3 1.9933E-3 2.29954E-3
3.25141E-3 5.47447E-3 9.00334E-3 1.68998E-2 1.1674E-2 5.97498E-3 4.2441E-3 5.20821E-3 9.24601E-3 1.68785E-2 2.07039E-2 1.2355E-2 1.00934E-2 7.31883E-3 5.56332E-3 3.85692E-3 3.12227E-3 2.1883E-3 1.88657E-3 1.48816E-3 1.36042E-3 1.38124E-3 1.24369E-3 1.33722E-3 1.18583E-3 9.87968E-4 8.78048E-4 1.07185E-3 1.35145E-3 1.59367E-3 2.10123E-3 2.6241E-3 3.10152E-3 3.22055E-3 2.94779E-3 2.50498E-3 2.79852E-3 2.67067E-3 2.05878E-3 1.9601E-3 1.80735E-3 1.93642E-3 1.54583E-3 1.47122E-3 1.61902E-3 1.39658E-3 1.3858E-3 1.36761E-3 1.3466E-3 1.49436E-3 1.86023E-3 1.97698E-3 2.12539E-3 2.24503E-3 2.65608E-3 2.61931E-3 2.41828E-3
3.70202E-3 1.28126E-2 2.07973E-2 1.40731E-2 7.21197E-3 5.02664E-3 4.04082E-3 4.40448E-3 1.40389E-2 2.66918E-2 1.90465E-2 1.37558E-2 1.10519E-2 8.29252E-3 6.4754E-3 4.55487E-3 3.31053E-3 2.72194E-3 2.27803E-3 1.72942E-3 1.54842E-3 1.2969E-3 1.14183E-3 9.76515E-4 9.52894E-4 8.97349E-4 8.24348E-4 1.16893E-3 1.34384E-3 1.61478E-3 1.86959E-3 2.15157E-3 2.79868E-3 3.20531E-3 3.04738E-3 2.75467E-3 2.25468E-3 2.01351E-3 2.18067E-3 2.02656E-3 1.6052E-3 1.79174E-3 1.72154E-3 1.49051E-3 1.70192E-3 1.3855E-3 1.33417E-3 1.40902E-3 1.34578E-3 1.60243E-3 1.8437E-3 2.04854E-3 2.69279E-3 2.83259E-3 2.8439E-3 2.73152E-3 2.32046E-3
3.48706E-3 2.45104E-2 1.5845E-2 7.21368E-3 4.71717E-3 4.55773E-3 3.94844E-3 4.04209E-3 9.37514E-3 5.90843E-2 3.17238E-2 1.8428E-2 1.26694E-2 1.24121E-2 9.43367E-3 5.62831E-3 3.90554E-3 2.96904E-3 2.29682E-3 1.92887E-3 1.79828E-3 1.41552E-3 1.00458E-3 8.38628E-4 9.09807E-4 7.30597E-4 7.68697E-4 1.14331E-3 1.22246E-3 1.39714E-3 1.66732E-3 1.95826E-3 2.4118E-3 2.88318E-3 2.99551E-3 2.51564E-3 2.12987E-3 2.01954E-3 1.92915E-3 2.08459E-3 1.63263E-3 1.91105E-3 1.7808E-3 1.75398E-3 1.78201E-3 1.48497E-3 1.57409E-3 1.54479E-3 1.39832E-3 1.64098E-3 1.81212E-3 2.51555E-3 2.99724E-3 3.13431E-3 3.00023E-3 2.75124E-3 2.55022E-3
3.74514E-3 2.74669E-2 5.9989E-3 3.88084E-3 2.677E-3 3.03518E-3 3.18506E-3 5.3753E-3 1.01983E-2 2.17829E-2 3.77055E-2 3.51161E-2 4.17778E-2 4.32953E-2 3.67811E-2 1.33994E-2 5.05163E-3 3.09016E-3 2.14488E-3 1.63819E-3 1.46843E-3 1.2998E-3 1.02141E-3 7.46191E-4 6.5869E-4 6.31564E-4 8.25158E-4 1.07438E-3 1.24456E-3 1.34159E-3 1.5518E-3 1.75737E-3 2.187E-3 2.71283E-3 2.78476E-3 2.75177E-3 2.3092E-3 1.94989E-3 1.84804E-3 1.69828E-3 1.60994E-3 1.8532E-3 1.56451E-3 1.69317E-3 1.6876E-3 1.66227E-3 1.58577E-3 1.55854E-3 1.3777E-3 1.5457E-3 1.79674E-3 2.60967E-3 3.24158E-3 3.6751E-3 3.13712E-3 2.72703E-3 2.41171E-3
6.5416E-3 4.17087E-3 4.21096E-3 2.43393E-3 2.24335E-3 3.50094E-3 5.43523E-3 1.92212E-2 6.53765E-2 4.48982E-2 3.51218E-2 1.84142E-2 1.36279E-2 2.35791E-2 3.10775E-2 1.45566E-2 6.88895E-3 4.1181E-3 2.45262E-3 1.8749E-3 1.69955E-3 1.57957E-3 1.10738E-3 7.86573E-4 6.63916E-4 6.42301E-4 8.39491E-4 9.67917E-4 1.12395E-3 1.24538E-3 1.39478E-3 1.69451E-3 2.16064E-3 2.56709E-3 2.68166E-3 2.60974E-3 2.08124E-3 1.90212E-3 1.72104E-3 1.60342E-3 1.5635E-3 2.00385E-3 1.69014E-3 1.84745E-3 1.80726E-3 1.83653E-3 1.74942E-3 1.47764E-3 1.64257E-3 1.45644E-3 1.75451E-3 2.53514E-3 3.0077E-3 3.52477E-3 3.22509E-3 2.86246E-3 2.38036E-3
6.14847E-3 2.34889E-3 2.03834E-3 2.02118E-3 2.77076E-3 4.5973E-3 1.61605E-2 6.55337E-2 8.17767E-2 7.80991E-2 5.20009E-2 2.59884E-2 2.14479E-2 1.53066E-2 1.38946E-2 1.34556E-2 7.81239E-3 4.35868E-3 2.75265E-3 1.98934E-3 1.60521E-3 1.64021E-3 1.14979E-3 8.78839E-4 6.99025E-4 6.7749E-4 8.73303E-4 1.0236E-3 1.05693E-3 1.17971E-3 1.36388E-3 1.7017E-3 2.1091E-3 2.4425E-3 2.27014E-3 2.24883E-3 1.92543E-3 1.8535E-3 1.7023E-3 1.58843E-3 1.58964E-3 1.8682E-3 1.81899E-3 1.76047E-3 1.77764E-3 1.74912E-3 1.69333E-3 1.40135E-3 1.4478E-3 1.50552E-3 1.68782E-3 2.27703E-3 2.57501E-3 2.83955E-3 2.78254E-3 2.40308E-3 2.32435E-3
7.84839E-3 1.86788E-3 1.68694E-3 1.94683E-3 2.34794E-3 4.37142E-3 9.53167E-3 6.33633E-2 7.16282E-2 7.93469E-2 7.66763E-2 4.60688E-2 2.69012E-2 1.96222E-2 1.26082E-2 9.21316E-3 9.15317E-3 5.23951E-3 3.44137E-3 2.29971E-3 1.87244E-3 1.58063E-3 1.35817E-3 1.10139E-3 9.1087E-4 8.00993E-4 8.3274E-4 9.48084E-4 1.00729E-3 1.16356E-3 1.41037E-3 1.73554E-3 2.67694E-3 2.4732E-3 2.36706E-3 1.77078E-3 1.67083E-3 1.59108E-3 1.45344E-3 1.52285E-3 1.46556E-3 1.78755E-3 1.76044E-3 1.71174E-3 1.71425E-3 1.68407E-3 1.39829E-3 1.51888E-3 1.365E-3 1.51574E-3 1.86106E-3 2.13006E-3 2.2457E-3 2.4034E-3 2.32566E-3 2.26181E-3 2.15386E-3
3.11959E-3 1.57447E-3 1.67654E-3 2.09451E-3 2.35668E-3 3.72849E-3 1.68257E-2 6.75232E-2 7.99627E-2 8.01659E-2 8.04535E-2 8.3741E-2 5.38686E-2 3.5817E-2 2.00691E-2 1.37706E-2 1.10773E-2 6.13883E-3 4.33469E-3 3.00063E-3 2.09265E-3 1.85441E-3 1.64258E-3 1.5328E-3 1.15429E-3 8.8281E-4 9.99256E-4 1.01915E-3 9.98756E-4 1.16418E-3 1.31664E-3 1.72047E-3 2.59961E-3 2.608E-3 1.90961E-3 1.7548E-3 1.65575E-3 1.46081E-3 1.36862E-3 1.35485E-3 1.6775E-3 1.66708E-3 1.68754E-3 1.75436E-3 1.62935E-3 1.63946E-3 1.51077E-3 1.52097E-3 1.34714E-3 1.39925E-3 1.736E-3 1.87138E-3 1.89842E-3 2.09604E-3 1.99397E-3 1.98301E-3 1.84735E-3
1.64075E-3 1.60473E-3 1.77937E-3 1.94466E-3 2.28612E-3 3.65893E-3 1.74532E-2 3.85942E-2 7.5487E-2 8.62518E-2 9.19066E-2 8.74944E-2 5.71852E-2 3.95638E-2 3.01744E-2 1.75378E-2 1.18419E-2 7.98987E-3 5.33541E-3 3.66919E-3 2.62546E-3 2.1086E-3 1.80229E-3 1.53985E-3 1.25161E-3 9.29948E-4 8.97795E-4 1.01803E-3 1.04058E-3 1.14033E-3 1.3684E-3 1.66914E-3 2.40574E-3 2.56524E-3 1.93484E-3 1.7636E-3 1.62918E-3 1.48292E-3 1.34105E-3 1.38443E-3 1.67762E-3 1.70464E-3 1.637E-3 1.67955E-3 1.59001E-3 1.6439E-3 1.53597E-3 1.47722E-3 1.37898E-3 1.37092E-3 1.62797E-3 1.70273E-3 1.71703E-3 1.82759E-3 1.80344E-3 1.77574E-3 1.49998E-3
1.44589E-3 1.53283E-3 1.5894E-3 2.01946E-3 2.55032E-3 3.77848E-3 7.08845E-3 3.66183E-2 7.93091E-2 9.10186E-2 9.35065E-2 9.03058E-2 5.87781E-2 4.23794E-2 3.17367E-2 2.48548E-2 1.2869E-2 8.18124E-3 5.52686E-3 3.53086E-3 2.61667E-3 2.13303E-3 1.85143E-3 1.59698E-3 1.2612E-3 1.02615E-3 9.12012E-4 9.9381E-4 1.07035E-3 1.23036E-3 1.35404E-3 1.74785E-3 2.57752E-3 2.55487E-3 2.31918E-3 2.10121E-3 1.97893E-3 1.80546E-3 1.47394E-3 1.73153E-3 1.80726E-3 1.7579E-3 1.69546E-3 1.65389E-3 1.59732E-3 1.60084E-3 1.4531E-3 1.34294E-3 1.19596E-3 1.42336E-3 1.44128E-3 1.39591E-3 1.59012E-3 1.6784E-3 1.50612E-3 1.39085E-3 1.35453E-3
