squatch_data_from_lozier/BF-prints.asc
ncols         408
nrows         396
xllcorner     -135.0
yllcorner     23.0
cellsize      0.08333333333333333
NODATA_value  -9999
[rows 0 to 24 of 396, columns 114 to 170 of 408]
3.75591E-3 3.68038E-3 4.00708E-3 2.40811E-3 2.82131E-3 3.37244E-3 3.7684E-3 3.91279E-3 3.34153E-3 2.98492E-3 2.29579E-3 1.90354E-3 3.8881E-3 3.83178E-3 2.01911E-3 1.70382E-3 1.6751E-3 1.71456E-3 1.74115E-3 1.81098E-3 1.87092E-3 3.15547E-3 4.28188E-3 3.17019E-3 4.57517E-3 4.0883E-3 2.88275E-3 2.47936E-3 2.62742E-3 3.26975E-3 3.96066E-3 4.31938E-3 4.19891E-3 3.17688E-3 3.53866E-3 3.99111E-3 4.01488E-3 3.8365E-3 3.87155E-3 3.88362E-3 3.9291E-3 3.9186E-3 4.10904E-3 4.41145E-3 4.79769E-3 4.94473E-3 4.68117E-3 4.37688E-3 4.89966E-3 4.22878E-3 3.55255E-3 3.70648E-3 3.9564E-3 3.75145E-3 3.71288E-3 3.24065E-3 3.08952E-3
4.12227E-3 3.26703E-3 3.98259E-3 2.86459E-3 2.29208E-3 3.38643E-3 3.0515E-3 2.38849E-3 2.61485E-3 2.80749E-3 2.38034E-3 1.85991E-3 2.58577E-3 4.51843E-3 3.31072E-3 2.05816E-3 1.81555E-3 1.77564E-3 1.78496E-3 1.81418E-3 1.88481E-3 2.29997E-3 3.70027E-3 3.54415E-3 4.07804E-3 3.77668E-3 3.77773E-3 3.33009E-3 3.17936E-3 3.42018E-3 4.1824E-3 3.97509E-3 3.9109E-3 3.90691E-3 3.25038E-3 4.07123E-3 4.73551E-3 4.08838E-3 4.13307E-3 3.78907E-3 3.95021E-3 4.34863E-3 4.5326E-3 4.51024E-3 5.02175E-3 5.09906E-3 4.58964E-3 4.78489E-3 4.30376E-3 4.23542E-3 3.58987E-3 3.80278E-3 3.91998E-3 3.63245E-3 3.23209E-3 3.08628E-3 2.82317E-3
2.42502E-3 2.34529E-3 2.28483E-3 2.21343E-3 2.06907E-3 2.16543E-3 2.16386E-3 2.27043E-3 2.24211E-3 2.02462E-3 1.88037E-3 2.05818E-3 2.61322E-3 4.57613E-3 3.94567E-3 2.93746E-3 2.13193E-3 1.99082E-3 1.89192E-3 1.85686E-3 1.93601E-3 2.01519E-3 2.50638E-3 2.89065E-3 3.34863E-3 3.86854E-3 4.25635E-3 3.63428E-3 3.12281E-3 3.60145E-3 4.22957E-3 4.05044E-3 3.90766E-3 3.79193E-3 4.11572E-3 4.67569E-3 4.60284E-3 3.9955E-3 3.67653E-3 3.68121E-3 3.87851E-3 3.90516E-3 3.91294E-3 4.0723E-3 4.39187E-3 4.68062E-3 4.63039E-3 4.73832E-3 4.24735E-3 4.39671E-3 3.87345E-3 3.32399E-3 3.37757E-3 3.214E-3 3.01213E-3 2.86001E-3 2.87067E-3
2.51935E-3 3.09052E-3 3.55338E-3 4.27497E-3 3.25203E-3 2.73354E-3 2.66768E-3 2.86212E-3 3.1576E-3 2.39098E-3 2.22038E-3 2.24547E-3 2.40037E-3 3.55052E-3 4.15696E-3 3.70943E-3 3.16219E-3 2.59612E-3 2.1122E-3 2.01233E-3 2.03666E-3 2.05665E-3 2.23346E-3 2.54004E-3 3.29523E-3 3.84857E-3 3.89525E-3 3.94395E-3 4.06281E-3 3.65742E-3 3.85504E-3 4.28881E-3 4.10318E-3 4.20522E-3 4.08831E-3 4.1238E-3 4.10225E-3 3.6313E-3 4.05239E-3 3.88462E-3 4.25449E-3 3.85011E-3 4.23987E-3 4.44553E-3 4.52032E-3 4.3479E-3 4.11219E-3 4.01093E-3 3.79079E-3 3.62669E-3 3.36869E-3 3.07617E-3 3.04557E-3 3.0077E-3 2.96399E-3 3.12718E-3 3.16105E-3
3.17274E-3 3.74323E-3 4.0289E-3 3.36723E-3 3.1171E-3 3.72036E-3 3.31548E-3 4.09748E-3 3.63972E-3 2.78731E-3 3.09282E-3 2.70356E-3 2.89005E-3 2.48854E-3 2.79796E-3 2.97517E-3 3.16009E-3 2.36405E-3 2.8346E-3 2.45778E-3 2.12066E-3 2.14186E-3 2.4054E-3 2.47479E-3 2.55569E-3 3.01985E-3 3.78211E-3 3.73343E-3 4.03818E-3 3.98464E-3 3.75461E-3 3.95042E-3 4.27142E-3 3.99439E-3 4.31036E-3 4.45157E-3 4.20152E-3 3.78189E-3 3.20265E-3 3.18039E-3 3.32687E-3 3.4368E-3 3.37417E-3 3.47052E-3 3.50313E-3 3.69698E-3 3.69866E-3 3.62838E-3 3.6668E-3 3.87383E-3 3.56221E-3 3.08387E-3 2.97437E-3 3.39897E-3 3.33184E-3 3.48627E-3 3.46823E-3
3.43084E-3 2.89836E-3 3.03484E-3 3.32273E-3 3.37285E-3 3.8472E-3 4.06094E-3 4.01132E-3 3.30261E-3 3.38706E-3 3.52843E-3 3.3507E-3 3.65416E-3 3.6232E-3 2.46327E-3 2.23514E-3 2.54885E-3 2.61807E-3 3.55465E-3 3.36232E-3 2.75794E-3 2.31275E-3 2.3281E-3 2.57919E-3 3.84797E-3 3.8133E-3 4.01349E-3 4.23706E-3 3.74668E-3 3.91699E-3 4.08655E-3 4.33662E-3 4.65941E-3 4.68559E-3 4.66784E-3 4.94453E-3 5.33438E-3 3.85315E-3 3.60199E-3 3.49211E-3 3.61785E-3 3.51053E-3 3.38276E-3 3.75898E-3 3.79833E-3 3.69161E-3 3.13687E-3 3.71809E-3 3.7906E-3 3.86628E-3 3.41519E-3 2.91179E-3 3.25284E-3 3.61225E-3 3.5385E-3 3.53982E-3 3.4274E-3
3.0131E-3 2.81875E-3 2.98206E-3 4.15966E-3 4.0945E-3 3.54135E-3 3.23453E-3 3.40227E-3 3.13872E-3 2.9086E-3 2.79444E-3 2.92771E-3 3.64804E-3 3.56938E-3 3.00987E-3 2.66839E-3 2.48701E-3 2.79078E-3 3.20118E-3 3.48873E-3 3.23849E-3 3.05365E-3 2.58096E-3 3.70512E-3 3.79652E-3 2.04166E-2 2.14843E-2 2.07957E-2 4.34785E-3 3.91806E-3 4.23125E-3 4.5498E-3 4.67087E-3 4.65671E-3 4.57181E-3 4.86415E-3 4.14551E-3 4.10464E-3 4.13683E-3 4.19852E-3 3.95713E-3 3.54487E-3 3.9215E-3 3.74905E-3 3.68122E-3 3.22231E-3 2.99359E-3 3.48556E-3 4.1283E-3 4.32377E-3 4.12585E-3 3.48442E-3 2.7504E-3 3.38779E-3 3.37623E-3 3.14081E-3 3.24836E-3
3.68206E-3 3.17384E-3 2.8128E-3 3.17915E-3 3.83021E-3 3.47832E-3 3.08725E-3 3.09797E-3 3.13561E-3 2.93134E-3 2.86617E-3 2.89728E-3 2.86836E-3 3.04337E-3 3.08163E-3 2.87963E-3 2.79503E-3 2.60905E-3 2.79243E-3 3.22503E-3 3.02704E-3 2.78883E-3 2.8318E-3 3.7795E-3 3.27848E-3 1.97886E-2 2.12108E-2 2.27387E-2 2.2212E-2 4.47217E-3 4.54186E-3 4.30287E-3 4.51149E-3 4.33663E-3 4.60947E-3 4.18716E-3 4.51519E-3 4.28222E-3 4.31478E-3 3.93381E-3 3.78713E-3 3.63974E-3 3.28261E-3 3.08332E-3 3.10709E-3 2.59921E-3 3.416E-3 3.5656E-3 3.61335E-3 3.27545E-3 3.37933E-3 3.03341E-3 3.32272E-3 3.09792E-3 2.86733E-3 3.00926E-3 2.98572E-3
4.75246E-3 3.59819E-3 3.00539E-3 2.88509E-3 4.07098E-3 3.92012E-3 3.14768E-3 2.9093E-3 2.90345E-3 3.94465E-3 3.86072E-3 3.47715E-3 3.09261E-3 2.84371E-3 2.93273E-3 2.66372E-3 2.56745E-3 2.60329E-3 2.56688E-3 2.85377E-3 3.31101E-3 2.76353E-3 3.70897E-3 3.33129E-3 3.71314E-3 4.20343E-3 2.08557E-2 2.28602E-2 2.37544E-2 2.29953E-2 4.60743E-3 4.60966E-3 4.50943E-3 4.6682E-3 4.65843E-3 4.5743E-3 4.39743E-3 4.28817E-3 4.24073E-3 4.17994E-3 3.9118E-3 3.50716E-3 2.96054E-3 3.56686E-3 3.08236E-3 2.4309E-3 3.15593E-3 3.31723E-3 3.07029E-3 3.02665E-3 3.44962E-3 3.10556E-3 3.31341E-3 3.39849E-3 2.74598E-3 3.09499E-3 3.17546E-3
4.4848E-3 1.42371E-2 3.29216E-3 1.36919E-2 2.94488E-3 2.97273E-3 2.7336E-3 2.864E-3 2.64346E-3 2.61656E-3 2.92818E-3 2.75312E-3 2.51666E-3 2.43511E-3 2.34687E-3 2.33871E-3 2.55946E-3 2.51257E-3 2.48796E-3 2.77803E-3 2.9534E-3 2.79316E-3 3.78727E-3 1.83835E-2 4.19672E-3 4.32995E-3 1.96611E-2 2.24212E-2 2.34651E-2 2.40011E-2 2.29044E-2 4.55884E-3 4.57482E-3 2.06523E-2 4.56135E-3 4.60384E-3 4.53994E-3 4.52731E-3 4.37028E-3 3.95271E-3 3.54572E-3 3.46863E-3 3.34188E-3 3.24217E-3 2.95479E-3 2.43999E-3 3.01329E-3 4.30611E-3 3.69848E-3 3.18343E-3 3.1342E-3 3.36355E-3 3.38463E-3 3.1065E-3 2.56862E-3 3.17152E-3 3.39954E-3
1.52039E-2 3.70638E-3 3.63037E-3 3.36172E-3 3.12403E-3 3.05873E-3 3.22333E-3 3.80905E-3 3.5339E-3 2.78378E-3 2.78292E-3 2.58047E-3 2.78937E-3 2.58784E-3 2.43925E-3 2.45196E-3 2.75641E-3 3.09147E-3 2.69846E-3 2.80556E-3 3.10131E-3 2.98651E-3 3.82942E-3 4.02623E-3 4.27836E-3 4.33967E-3 1.94634E-2 2.13585E-2 2.30467E-2 2.36704E-2 2.36154E-2 2.33021E-2 2.22941E-2 4.52168E-3 4.51606E-3 4.56142E-3 4.46731E-3 4.47754E-3 4.45697E-3 4.36116E-3 3.85193E-3 4.11679E-3 2.8728E-3 2.6687E-3 3.28068E-3 2.97447E-3 3.69337E-3 4.02262E-3 3.79435E-3 4.42219E-3 3.65122E-3 2.74391E-3 2.713E-3 2.30922E-3 2.60686E-3 3.13594E-3 3.12302E-3
1.59046E-2 1.57551E-2 1.5649E-2 1.53483E-2 1.5026E-2 1.44692E-2 3.12172E-3 3.3896E-3 3.01225E-3 2.88742E-3 2.77849E-3 3.11301E-3 3.47038E-3 3.35408E-3 2.75113E-3 2.60988E-3 3.01742E-3 3.24273E-3 3.09923E-3 2.93192E-3 2.88141E-3 2.89922E-3 3.85938E-3 3.35244E-3 4.27953E-3 4.31185E-3 1.88362E-2 2.10798E-2 2.23701E-2 2.28839E-2 2.11484E-2 2.13337E-2 2.34908E-2 2.17416E-2 4.43438E-3 4.51921E-3 4.55093E-3 4.506E-3 4.35688E-3 4.30362E-3 4.2659E-3 4.19665E-3 3.62423E-3 3.00286E-3 2.88894E-3 3.51016E-3 3.70486E-3 4.42612E-3 4.30413E-3 3.37612E-3 2.89832E-3 3.17049E-3 3.09907E-3 2.47388E-3 2.42419E-3 2.68334E-3 3.0376E-3
4.47323E-3 1.67239E-2 1.61532E-2 1.60981E-2 1.57682E-2 1.51099E-2 1.46033E-2 1.40556E-2 2.85142E-3 2.76855E-3 2.82025E-3 2.85138E-3 2.87944E-3 2.71762E-3 2.53609E-3 2.56695E-3 2.68062E-3 3.24591E-3 3.29064E-3 2.81907E-3 2.81505E-3 3.10152E-3 3.38567E-3 4.12279E-3 4.16795E-3 4.23541E-3 1.98991E-2 2.04392E-2 2.21854E-2 2.29865E-2 2.20337E-2 2.07775E-2 2.11237E-2 2.19514E-2 2.17414E-2 1.95371E-2 4.45554E-3 4.49953E-3 4.29251E-3 4.0899E-3 4.30599E-3 4.19954E-3 4.04457E-3 4.18355E-3 2.98008E-3 3.23039E-3 3.95984E-3 3.83455E-3 3.11332E-3 3.93447E-3 3.49896E-3 2.90725E-3 2.63087E-3 2.79861E-3 3.28834E-3 3.0346E-3 2.85307E-3
5.26405E-3 4.82607E-3 1.79658E-2 1.73829E-2 1.61899E-2 1.58479E-2 1.53036E-2 1.47225E-2 1.39183E-2 2.75412E-3 2.78661E-3 3.09319E-3 2.80873E-3 2.40971E-3 2.34535E-3 2.34356E-3 2.37916E-3 2.66144E-3 2.59624E-3 2.54617E-3 2.60301E-3 3.12333E-3 3.36733E-3 4.1156E-3 4.09801E-3 4.21728E-3 2.04118E-2 2.09047E-2 2.07682E-2 2.16698E-2 2.17023E-2 2.19089E-2 2.07801E-2 2.07815E-2 2.16426E-2 2.07817E-2 1.95636E-2 1.94601E-2 4.22034E-3 4.2293E-3 4.42951E-3 4.35212E-3 4.32149E-3 4.52303E-3 4.11703E-3 4.00433E-3 3.89738E-3 3.75405E-3 3.40153E-3 4.04945E-3 3.03124E-3 2.56266E-3 2.76407E-3 4.09821E-3 4.22757E-3 3.79268E-3 2.87741E-3
1.96515E-2 1.95347E-2 1.91475E-2 1.80237E-2 1.76256E-2 1.68058E-2 1.58791E-2 1.48748E-2 1.43591E-2 1.35837E-2 1.30771E-2 2.48141E-3 2.58004E-3 2.32759E-3 2.25998E-3 2.15755E-3 2.2328E-3 2.33242E-3 2.4338E-3 2.54498E-3 2.47176E-3 2.73056E-3 3.90283E-3 3.91981E-3 1.92835E-2 2.00961E-2 2.03159E-2 1.98925E-2 2.05785E-2 2.15328E-2 2.10228E-2 2.21846E-2 2.12398E-2 2.05391E-2 2.05005E-2 2.07171E-2 2.04026E-2 1.83565E-2 4.31249E-3 4.32233E-3 4.0571E-3 3.80598E-3 3.91495E-3 4.10628E-3 4.24735E-3 3.90063E-3 3.81383E-3 3.79812E-3 3.5309E-3 3.43538E-3 3.3171E-3 2.30775E-3 2.60135E-3 2.92394E-3 2.70177E-3 2.59126E-3 2.93656E-3
2.06455E-2 2.01895E-2 2.02037E-2 1.9487E-2 1.87492E-2 4.31621E-3 1.697E-2 1.58566E-2 1.44988E-2 1.39852E-2 1.32227E-2 1.27759E-2 1.18146E-2 2.30517E-3 2.18534E-3 2.18147E-3 2.13861E-3 2.21632E-3 2.35756E-3 2.53103E-3 2.46527E-3 2.47731E-3 2.67359E-3 2.67351E-3 1.95046E-2 2.03293E-2 2.00891E-2 1.98748E-2 2.05436E-2 2.09037E-2 2.11361E-2 2.05894E-2 2.19498E-2 2.0877E-2 2.02085E-2 2.00193E-2 1.94376E-2 1.91438E-2 1.86918E-2 1.77665E-2 3.99269E-3 4.09371E-3 3.76973E-3 3.85453E-3 3.75337E-3 4.46383E-3 4.55876E-3 4.50885E-3 4.15385E-3 3.37084E-3 4.31771E-3 3.30956E-3 2.77824E-3 3.65741E-3 3.52247E-3 4.14244E-3 3.88463E-3
2.18414E-2 2.09618E-2 2.06439E-2 2.03037E-2 1.96869E-2 1.87926E-2 1.74405E-2 1.66587E-2 1.52616E-2 1.42035E-2 1.34621E-2 1.2691E-2 2.39551E-3 1.13352E-2 2.07293E-3 2.03746E-3 2.05774E-3 2.22918E-3 2.24143E-3 2.27676E-3 2.35326E-3 2.45674E-3 2.53971E-3 2.70435E-3 3.96227E-3 4.11515E-3 4.24341E-3 2.12504E-2 2.14197E-2 2.10277E-2 2.07963E-2 2.03772E-2 2.17202E-2 2.13933E-2 2.00591E-2 1.92616E-2 1.85238E-2 1.82914E-2 1.81063E-2 1.76498E-2 1.73902E-2 1.71529E-2 3.85719E-3 3.82157E-3 4.05209E-3 3.84454E-3 4.17921E-3 4.79538E-3 4.76577E-3 4.73581E-3 4.81235E-3 3.39315E-3 3.98396E-3 3.41617E-3 4.85772E-3 4.32087E-3 5.11814E-3
2.15172E-2 2.18014E-2 2.18666E-2 2.15927E-2 2.05635E-2 1.95756E-2 1.84988E-2 3.94099E-3 1.65322E-2 1.5131E-2 1.36369E-2 1.26488E-2 1.21567E-2 2.36781E-3 2.28885E-3 2.48557E-3 2.17049E-3 2.08163E-3 2.17036E-3 2.22382E-3 2.34032E-3 2.39594E-3 2.51884E-3 2.61187E-3 2.76677E-3 2.83382E-3 2.8138E-3 2.17102E-2 2.14595E-2 2.12179E-2 2.08478E-2 2.07731E-2 2.15621E-2 2.11999E-2 2.01524E-2 1.96266E-2 1.86289E-2 1.79265E-2 1.75743E-2 1.69629E-2 1.68578E-2 1.67717E-2 1.65326E-2 1.68396E-2 4.3461E-3 4.4595E-3 4.29857E-3 4.17579E-3 5.69326E-3 5.72878E-3 4.32006E-3 3.72609E-3 5.5151E-3 4.07968E-3 4.56792E-3 5.12624E-3 4.12396E-3
2.41382E-2 2.40838E-2 2.33038E-2 2.17661E-2 2.11954E-2 2.01564E-2 4.64921E-3 5.24638E-3 4.44717E-3 3.68059E-3 3.19891E-3 2.91232E-3 1.21224E-2 1.14127E-2 2.16481E-3 2.10485E-3 2.136E-3 2.2102E-3 2.27993E-3 2.24622E-3 2.28422E-3 2.33929E-3 2.42936E-3 2.52949E-3 2.58226E-3 2.70675E-3 2.74121E-3 2.78322E-3 2.7224E-3 1.43018E-2 4.37089E-3 4.30006E-3 2.10483E-2 2.09463E-2 2.00835E-2 1.92086E-2 1.85454E-2 1.80527E-2 1.75227E-2 1.70929E-2 1.64677E-2 1.67657E-2 4.38263E-3 1.72137E-2 1.64232E-2 1.66902E-2 3.84424E-3 4.28213E-3 4.27629E-3 4.6166E-3 4.46156E-3 4.79262E-3 4.87504E-3 4.56961E-3 5.70945E-3 4.92078E-3 4.69767E-3
2.2455E-2 2.25647E-2 5.70619E-3 5.63659E-3 5.3343E-3 5.42703E-3 4.75116E-3 4.20679E-3 4.37532E-3 3.99625E-3 3.31761E-3 3.12274E-3 2.75852E-3 2.32453E-3 2.07012E-3 2.03451E-3 2.17831E-3 2.41162E-3 2.60479E-3 2.50024E-3 2.46877E-3 2.4921E-3 2.52587E-3 2.57449E-3 2.63648E-3 2.68742E-3 2.74596E-3 2.73557E-3 2.65957E-3 2.65514E-3 2.88027E-3 4.32212E-3 2.11878E-2 2.04158E-2 2.03792E-2 1.95352E-2 1.84287E-2 1.77837E-2 1.73133E-2 1.70162E-2 1.60971E-2 1.57659E-2 1.61434E-2 1.63107E-2 1.66747E-2 1.71428E-2 4.26174E-3 4.16501E-3 4.89331E-3 3.72973E-3 3.69997E-3 4.7482E-3 4.91561E-3 5.42221E-3 4.87343E-3 4.49408E-3 4.27439E-3
2.15141E-2 2.19222E-2 2.24645E-2 2.17534E-2 2.15219E-2 5.00411E-3 4.8572E-3 4.50386E-3 4.04699E-3 4.07532E-3 4.08373E-3 3.79203E-3 3.22378E-3 2.79497E-3 2.46037E-3 2.2659E-3 2.20518E-3 2.22416E-3 2.31365E-3 2.40155E-3 2.46562E-3 2.54866E-3 2.62703E-3 2.75201E-3 2.72527E-3 2.76162E-3 2.81392E-3 2.77634E-3 2.77484E-3 2.69504E-3 2.72902E-3 2.65836E-3 1.41276E-2 2.18685E-2 2.0699E-2 1.97891E-2 1.8744E-2 1.77826E-2 1.72696E-2 1.59685E-2 1.56045E-2 1.55305E-2 1.50733E-2 1.55758E-2 1.62297E-2 1.70429E-2 1.7581E-2 1.72187E-2 1.79949E-2 4.07868E-3 5.0007E-3 4.33895E-3 4.3219E-3 4.91668E-3 4.77117E-3 3.91661E-3 5.17097E-3
2.13212E-2 2.21774E-2 2.22945E-2 2.2152E-2 2.19685E-2 4.87776E-3 4.93091E-3 4.53196E-3 4.21219E-3 4.25365E-3 4.06083E-3 3.8599E-3 3.39137E-3 3.10249E-3 2.71981E-3 2.6344E-3 2.49766E-3 2.34842E-3 2.29499E-3 2.35923E-3 2.30256E-3 2.4127E-3 2.48497E-3 2.62832E-3 2.63669E-3 2.76789E-3 2.78809E-3 2.77731E-3 2.73208E-3 2.75222E-3 2.73175E-3 2.74712E-3 2.68875E-3 2.61377E-3 2.10565E-2 2.02229E-2 1.9201E-2 1.80037E-2 1.6937E-2 1.54911E-2 1.4546E-2 1.42574E-2 1.44279E-2 1.5255E-2 1.58075E-2 1.66664E-2 1.74875E-2 1.87236E-2 1.87097E-2 1.90517E-2 1.94652E-2 5.69746E-3 5.951E-3 5.53784E-3 5.09025E-3 6.01385E-3 6.00238E-3
2.07477E-2 2.14468E-2 2.20373E-2 2.22846E-2 2.19987E-2 2.14775E-2 2.09532E-2 2.00599E-2 1.95938E-2 3.89574E-3 3.72335E-3 3.30774E-3 3.07813E-3 2.87336E-3 2.64219E-3 2.59249E-3 2.48889E-3 2.53812E-3 2.5641E-3 2.53345E-3 2.49807E-3 2.45324E-3 2.42216E-3 2.45948E-3 2.52228E-3 2.65564E-3 2.70827E-3 2.75416E-3 2.76927E-3 2.80458E-3 2.76125E-3 2.77915E-3 2.75522E-3 2.59844E-3 2.56876E-3 2.09022E-2 1.95891E-2 1.82933E-2 1.72052E-2 1.5659E-2 1.45319E-2 1.41889E-2 1.44284E-2 1.51408E-2 1.57401E-2 1.65758E-2 1.78774E-2 1.93226E-2 2.01636E-2 1.98672E-2 2.04171E-2 2.09797E-2 5.89479E-3 6.025E-3 6.02732E-3 6.03863E-3 5.87041E-3
2.0349E-2 2.13371E-2 2.17201E-2 2.22532E-2 2.21909E-2 2.14424E-2 2.14092E-2 2.0559E-2 2.00319E-2 4.0077E-3 3.85036E-3 3.52251E-3 3.22758E-3 2.99817E-3 2.72042E-3 2.59656E-3 2.51927E-3 2.39955E-3 2.39672E-3 2.33841E-3 2.40191E-3 2.42099E-3 2.46692E-3 2.49777E-3 2.56812E-3 2.69452E-3 2.68732E-3 2.80455E-3 2.84071E-3 2.85811E-3 2.86621E-3 2.93895E-3 2.8411E-3 2.76583E-3 2.55781E-3 2.52411E-3 2.00727E-2 1.8495E-2 1.73007E-2 1.65734E-2 1.51337E-2 1.49279E-2 1.5252E-2 1.54731E-2 1.65158E-2 1.7075E-2 1.89611E-2 2.02781E-2 1.99098E-2 2.06756E-2 5.84562E-3 5.96508E-3 5.1869E-3 5.09713E-3 6.22463E-3 6.23335E-3 6.1086E-3
2.16306E-2 2.2579E-2 2.25983E-2 2.22426E-2 2.21471E-2 2.16579E-2 2.14484E-2 4.85022E-3 4.64711E-3 4.25524E-3 4.00284E-3 3.75511E-3 3.49E-3 3.2406E-3 2.99877E-3 2.78278E-3 2.64826E-3 2.59E-3 2.50377E-3 2.40712E-3 2.44203E-3 2.49407E-3 2.49567E-3 2.50241E-3 2.61534E-3 2.67417E-3 2.72318E-3 2.76447E-3 2.86904E-3 2.90364E-3 2.78597E-3 2.89715E-3 2.90518E-3 2.73724E-3 2.71404E-3 2.65672E-3 2.52847E-3 1.9033E-2 1.78442E-2 1.68614E-2 1.6482E-2 1.62426E-2 1.65459E-2 1.71545E-2 1.74277E-2 1.74826E-2 1.82395E-2 1.94683E-2 2.12007E-2 2.17776E-2 2.24383E-2 2.31813E-2 2.36069E-2 6.1548E-3 5.291E-3 5.87034E-3 5.79796E-3
