squatch_data_from_lozier/BF-prints.asc
ncols         408
nrows         396
xllcorner     -135.0
yllcorner     23.0
cellsize      0.08333333333333333
NODATA_value  -9999
[rows 125 to 149 of 396, columns 171 to 227 of 408]
3.82561E-1 3.67368E-1 3.46945E-1 3.0189E-1 2.64854E-1 2.48507E-1 2.29181E-1 2.31012E-1 2.12063E-1 2.01681E-1 1.87696E-1 1.94279E-1 1.84688E-1 1.76449E-1 1.85579E-1 1.99773E-1 1.97392E-1 2.04976E-1 2.07593E-1 2.05274E-1 2.08472E-1 1.99814E-1 1.76314E-1 1.52065E-1 1.96447E-1 2.58875E-1 2.95003E-1 3.42688E-1 3.5654E-1 3.28396E-1 3.37899E-1 3.05014E-1 2.78894E-1 2.32578E-1 1.88802E-1 1.84467E-1 1.40159E-1 1.22115E-1 8.78645E-2 7.06112E-2 7.07981E-2 7.39674E-2 7.59733E-2 7.85637E-2 8.07316E-2 8.11906E-2 2.93956E-2 9.45289E-2 8.31796E-2 8.521E-2 3.31926E-2 9.33084E-2 8.26546E-2 3.29767E-2 6.59219E-2 5.63539E-2 5.01742E-2
3.1756E-1 3.04524E-1 2.94695E-1 2.68004E-1 2.58922E-1 2.39384E-1 2.40235E-1 2.29936E-1 2.11621E-1 2.0123E-1 1.9672E-1 1.86811E-1 1.82646E-1 1.9887E-1 1.95095E-1 2.05678E-1 2.03616E-1 2.10313E-1 2.06555E-1 1.96297E-1 2.00717E-1 1.98248E-1 1.77891E-1 1.85678E-1 2.48853E-1 2.55397E-1 2.92704E-1 3.43639E-1 3.50976E-1 3.22634E-1 3.25836E-1 2.88151E-1 2.3105E-1 1.83084E-1 2.17732E-1 1.9302E-1 1.55536E-1 1.47938E-1 1.19729E-1 9.0144E-2 7.02511E-2 2.27465E-2 2.45205E-2 7.33578E-2 7.41296E-2 7.76899E-2 8.2353E-2 8.89511E-2 8.05263E-2 9.07625E-2 9.47348E-2 7.17262E-2 8.7541E-2 2.81733E-2 6.66039E-2 6.77974E-2 5.93779E-2
2.91807E-1 2.71923E-1 2.66262E-1 2.53018E-1 2.3965E-1 2.38118E-1 2.34133E-1 2.17645E-1 2.16198E-1 2.05942E-1 2.06682E-1 1.97406E-1 1.93843E-1 1.87875E-1 1.92391E-1 1.99494E-1 2.10659E-1 1.9641E-1 1.9831E-1 1.80353E-1 1.74159E-1 1.8214E-1 1.89917E-1 2.57958E-1 2.79283E-1 3.13777E-1 3.21291E-1 3.37006E-1 3.30213E-1 2.94155E-1 2.87985E-1 2.69587E-1 1.84555E-1 1.66567E-1 1.49501E-1 1.84694E-1 1.66778E-1 1.30313E-1 1.47617E-1 1.38286E-1 1.18307E-1 7.03066E-2 2.2152E-2 6.80597E-2 6.75137E-2 7.19148E-2 7.3242E-2 7.65587E-2 7.68588E-2 9.31274E-2 7.47924E-2 7.14562E-2 8.60709E-2 7.19409E-2 7.08792E-2 7.00747E-2 5.51732E-2
2.5643E-1 2.48363E-1 2.32626E-1 2.32319E-1 2.25128E-1 2.21639E-1 2.09568E-1 2.04535E-1 2.026E-1 1.98118E-1 1.95089E-1 1.97962E-1 1.87981E-1 1.89265E-1 1.9335E-1 1.90117E-1 1.93746E-1 2.00766E-1 1.90954E-1 1.88926E-1 1.75996E-1 2.21691E-1 2.67724E-1 2.80917E-1 2.89544E-1 3.01254E-1 3.10072E-1 3.02536E-1 2.94281E-1 2.61453E-1 2.54088E-1 2.605E-1 1.69613E-1 1.51848E-1 1.37268E-1 1.38068E-1 1.64823E-1 1.41421E-1 1.24023E-1 1.46053E-1 1.39339E-1 1.21922E-1 8.18537E-2 7.41752E-2 7.37507E-2 7.11199E-2 6.94263E-2 7.18334E-2 8.37069E-2 7.61058E-2 7.59896E-2 6.98982E-2 7.43193E-2 6.15929E-2 5.67861E-2 5.19608E-2 4.74898E-2
2.28331E-1 2.22834E-1 2.14134E-1 2.14714E-1 2.0866E-1 2.10082E-1 1.97455E-1 1.9662E-1 1.99385E-1 1.95052E-1 2.04028E-1 1.98453E-1 1.94102E-1 1.92282E-1 1.79356E-1 1.85819E-1 2.21871E-1 2.37928E-1 2.35365E-1 2.23797E-1 2.05058E-1 1.38454E-1 1.83665E-1 2.48185E-1 2.80785E-1 2.84722E-1 2.9021E-1 2.88178E-1 2.85854E-1 2.83916E-1 2.70362E-1 2.53016E-1 2.14677E-1 1.84899E-1 1.37876E-1 1.1993E-1 1.28566E-1 1.42186E-1 1.36439E-1 1.31496E-1 1.3914E-1 1.33933E-1 1.2275E-1 1.13932E-1 8.07208E-2 7.55991E-2 6.93185E-2 7.03686E-2 8.34502E-2 7.59565E-2 7.47279E-2 6.82491E-2 6.54197E-2 6.30419E-2 5.62594E-2 5.1452E-2 4.60983E-2
2.31359E-1 2.17091E-1 2.08995E-1 1.93689E-1 2.05114E-1 1.98149E-1 1.9489E-1 1.91458E-1 2.03011E-1 2.10799E-1 2.05784E-1 2.03538E-1 2.00035E-1 1.92636E-1 1.95685E-1 2.10138E-1 2.17726E-1 2.28588E-1 2.14142E-1 2.02324E-1 1.69822E-1 1.01418E-1 1.18692E-1 1.69065E-1 2.25789E-1 2.6198E-1 2.66974E-1 2.7134E-1 2.65328E-1 2.46942E-1 2.30686E-1 2.22101E-1 2.09732E-1 1.4707E-1 1.31103E-1 1.20952E-1 1.04066E-1 9.98988E-2 1.21957E-1 1.32796E-1 1.2111E-1 1.19247E-1 1.10488E-1 9.6481E-2 8.14002E-2 7.49032E-2 6.99427E-2 8.13843E-2 7.88901E-2 7.28318E-2 7.25385E-2 6.86206E-2 6.30176E-2 5.99365E-2 5.68044E-2 5.06634E-2 4.67E-2
2.44491E-1 2.23735E-1 2.14701E-1 1.97571E-1 2.01781E-1 1.93529E-1 2.03978E-1 2.09692E-1 2.21349E-1 2.21669E-1 1.96963E-1 2.19192E-1 1.97822E-1 1.87482E-1 1.75209E-1 1.55032E-1 1.56191E-1 1.56223E-1 1.54072E-1 1.48728E-1 1.16555E-1 9.31919E-2 1.30573E-1 1.67962E-1 2.03445E-1 2.22828E-1 2.32045E-1 2.19811E-1 2.20756E-1 2.19771E-1 2.0563E-1 1.94593E-1 1.53548E-1 1.18387E-1 1.03796E-1 1.00503E-1 9.52806E-2 8.77795E-2 9.13965E-2 8.97428E-2 9.64362E-2 1.00897E-1 1.00327E-1 9.16521E-2 8.20882E-2 7.31702E-2 8.23465E-2 8.74518E-2 7.12515E-2 7.16781E-2 7.15669E-2 6.88574E-2 6.53296E-2 5.59372E-2 6.14823E-2 5.21166E-2 5.06078E-2
2.58215E-1 2.52207E-1 2.00243E-1 1.74508E-1 1.99465E-1 2.24189E-1 1.96482E-1 2.04569E-1 2.16703E-1 2.19613E-1 1.98168E-1 1.80677E-1 1.76383E-1 1.50574E-1 1.29936E-1 1.05774E-1 1.0033E-1 8.29637E-2 9.19261E-2 9.95542E-2 1.16781E-1 8.63816E-2 1.04045E-1 1.36227E-1 1.4422E-1 1.65355E-1 1.93632E-1 1.83686E-1 1.91699E-1 1.96954E-1 1.91481E-1 1.64346E-1 1.30095E-1 9.88649E-2 9.35907E-2 9.29813E-2 8.31776E-2 7.81493E-2 7.96421E-2 7.69077E-2 7.19158E-2 7.52613E-2 7.64045E-2 8.34263E-2 8.66201E-2 9.12835E-2 9.52988E-2 8.56519E-2 7.60796E-2 7.38033E-2 7.28119E-2 7.12533E-2 6.64409E-2 5.36579E-2 6.70534E-2 6.93479E-2 6.08699E-2
2.24095E-1 2.46917E-1 1.76338E-1 1.22041E-1 1.40732E-1 1.55713E-1 1.84709E-1 1.83056E-1 1.47574E-1 1.34205E-1 1.23727E-1 1.10676E-1 1.15248E-1 1.43413E-1 1.21007E-1 9.19027E-2 7.85934E-2 8.31096E-2 7.06696E-2 7.61975E-2 8.22777E-2 1.09378E-1 1.23998E-1 1.34206E-1 1.54769E-1 1.43392E-1 1.36208E-1 1.43793E-1 1.56741E-1 1.68055E-1 1.71239E-1 1.62372E-1 1.25726E-1 8.26087E-2 7.82458E-2 2.19446E-2 7.33404E-2 7.0826E-2 7.14582E-2 7.45803E-2 7.53378E-2 7.93144E-2 8.33666E-2 1.14874E-1 1.18235E-1 1.15226E-1 1.03443E-1 9.11337E-2 7.92139E-2 7.72703E-2 7.82798E-2 7.71114E-2 7.29565E-2 7.46144E-2 7.78297E-2 8.71444E-2 7.52897E-2
2.05496E-1 2.003E-1 1.43211E-1 1.27141E-1 1.12536E-1 1.34465E-1 1.14485E-1 1.35427E-1 1.17429E-1 1.1109E-1 1.12266E-1 1.00416E-1 9.03582E-2 8.09627E-2 6.88536E-2 6.89743E-2 6.91648E-2 8.78886E-2 8.74938E-2 8.62059E-2 8.91393E-2 7.83342E-2 7.71595E-2 1.17296E-1 1.4865E-1 1.49737E-1 1.33988E-1 1.13196E-1 1.1799E-1 1.26844E-1 1.1496E-1 1.32444E-1 1.28311E-1 9.19467E-2 7.1894E-2 7.23962E-2 7.31524E-2 6.90381E-2 7.01187E-2 7.66215E-2 8.1369E-2 8.60377E-2 9.14338E-2 9.79365E-2 1.089E-1 1.10177E-1 9.75094E-2 8.07002E-2 7.89061E-2 7.91695E-2 9.08412E-2 1.04236E-1 8.27327E-2 7.39692E-2 7.17131E-2 8.57593E-2 7.61226E-2
1.70282E-1 2.1715E-1 1.55793E-1 1.29932E-1 1.26437E-1 9.86588E-2 1.21874E-1 1.15254E-1 1.16666E-1 1.46633E-1 1.34899E-1 1.33603E-1 1.08314E-1 8.47766E-2 1.10301E-1 8.18658E-2 8.61412E-2 1.01449E-1 1.03078E-1 9.17078E-2 8.93442E-2 9.32513E-2 8.66367E-2 7.3687E-2 9.4172E-2 1.23087E-1 1.28689E-1 1.02559E-1 8.72774E-2 8.35682E-2 8.50311E-2 7.6818E-2 7.96203E-2 8.23155E-2 6.94965E-2 6.80757E-2 7.03312E-2 7.03901E-2 7.03158E-2 7.6475E-2 7.93641E-2 8.03362E-2 9.23618E-2 1.04826E-1 1.04829E-1 8.69331E-2 9.21632E-2 8.46253E-2 8.18394E-2 8.53044E-2 9.77844E-2 1.10608E-1 8.80349E-2 6.8963E-2 7.05881E-2 7.68322E-2 7.55445E-2
1.64904E-1 1.82812E-1 2.17955E-1 1.86026E-1 1.33335E-1 1.03466E-1 1.06164E-1 1.21764E-1 1.46628E-1 1.44203E-1 1.11706E-1 1.29065E-1 9.8925E-2 6.76053E-2 1.20257E-1 1.15841E-1 7.93747E-2 8.87874E-2 8.27798E-2 8.89159E-2 1.01281E-1 8.77794E-2 7.64837E-2 7.32058E-2 7.62312E-2 6.84244E-2 6.56918E-2 6.56853E-2 7.21154E-2 6.57831E-2 6.63191E-2 7.75952E-2 7.44098E-2 7.39182E-2 7.14607E-2 7.54634E-2 7.57551E-2 7.35177E-2 7.19562E-2 7.8188E-2 7.90408E-2 7.85081E-2 8.2456E-2 9.64065E-2 8.9672E-2 8.1782E-2 8.42473E-2 1.02733E-1 1.06832E-1 1.09478E-1 1.12005E-1 1.09129E-1 9.77845E-2 8.33715E-2 6.5155E-2 7.42768E-2 7.32465E-2
2.18184E-1 2.05911E-1 2.46856E-1 1.87819E-1 1.46809E-1 1.21776E-1 1.15769E-1 1.0543E-1 1.2214E-1 1.00936E-1 9.06689E-2 8.58599E-2 7.05154E-2 5.82334E-2 7.13603E-2 7.98676E-2 8.91625E-2 8.51691E-2 8.2645E-2 8.11196E-2 6.90386E-2 6.81792E-2 6.67996E-2 6.476E-2 6.30336E-2 6.88873E-2 6.11806E-2 5.82692E-2 5.89897E-2 5.15317E-2 4.64552E-2 5.32998E-2 5.79447E-2 6.34069E-2 6.73151E-2 6.84062E-2 6.96804E-2 7.09735E-2 7.54846E-2 8.15728E-2 8.46185E-2 8.25729E-2 9.53247E-2 1.01767E-1 8.46488E-2 8.51089E-2 8.96923E-2 1.04042E-1 1.08352E-1 1.08808E-1 1.09368E-1 1.12484E-1 9.85905E-2 8.58916E-2 7.23088E-2 7.46597E-2 7.64448E-2
1.80553E-1 2.00729E-1 2.07828E-1 1.94565E-1 1.86906E-1 1.96473E-1 2.09988E-1 1.67449E-1 1.65988E-1 1.42536E-1 1.17087E-1 7.68202E-2 6.84274E-2 5.63469E-2 4.88449E-2 4.81648E-2 4.98283E-2 4.70102E-2 5.08176E-2 5.00218E-2 4.75736E-2 4.75317E-2 4.45399E-2 4.3533E-2 4.12159E-2 4.43257E-2 5.73098E-2 7.0198E-2 7.07982E-2 5.16045E-2 3.60685E-2 4.09929E-2 5.14454E-2 6.23836E-2 6.54194E-2 6.37618E-2 6.68131E-2 6.99108E-2 7.27988E-2 7.70679E-2 8.18126E-2 8.97946E-2 9.9928E-2 9.7985E-2 8.84491E-2 9.50116E-2 1.00669E-1 1.05128E-1 1.04898E-1 1.05189E-1 1.04958E-1 1.03716E-1 1.00051E-1 8.96673E-2 7.35104E-2 5.43912E-2 7.43925E-2
1.16737E-1 1.2191E-1 1.24827E-1 1.26489E-1 1.79792E-1 1.45046E-1 1.14064E-1 1.21294E-1 1.26793E-1 1.26442E-1 1.36552E-1 1.26703E-1 1.15213E-1 7.7464E-2 5.10613E-2 8.07078E-2 7.45567E-2 6.1038E-2 5.80524E-2 4.41009E-2 4.06546E-2 4.29054E-2 5.61219E-2 5.12376E-2 4.36434E-2 4.27035E-2 4.74295E-2 7.17473E-2 7.15423E-2 5.52617E-2 4.90194E-2 4.49164E-2 5.64575E-2 5.80474E-2 6.00258E-2 6.32704E-2 6.75444E-2 7.0587E-2 7.22718E-2 7.60264E-2 7.94145E-2 9.96541E-2 1.0104E-1 9.88496E-2 9.9823E-2 9.85556E-2 1.03849E-1 1.04417E-1 1.02565E-1 1.06828E-1 1.06201E-1 1.0367E-1 9.7013E-2 9.40288E-2 8.12462E-2 6.10909E-2 7.18352E-2
8.62369E-2 8.35424E-2 1.14836E-1 1.29462E-1 1.85744E-1 1.55836E-1 1.14068E-1 9.56115E-2 7.93784E-2 8.51412E-2 8.09468E-2 7.5396E-2 8.5804E-2 6.511E-2 4.41914E-2 4.50183E-2 5.86118E-2 5.87763E-2 5.8806E-2 5.63132E-2 4.50651E-2 3.91478E-2 5.33227E-2 7.40996E-2 9.7113E-2 9.19033E-2 6.76553E-2 8.28496E-2 5.99023E-2 7.12675E-2 5.89945E-2 5.73237E-2 5.09513E-2 5.81697E-2 6.16591E-2 6.45079E-2 6.59737E-2 7.15908E-2 7.22783E-2 7.54887E-2 7.82823E-2 9.21397E-2 1.00161E-1 9.67486E-2 9.09242E-2 9.35532E-2 9.79357E-2 9.93455E-2 1.06507E-1 1.05913E-1 1.02865E-1 1.01525E-1 9.98971E-2 9.40062E-2 8.6233E-2 7.71823E-2 7.37842E-2
1.16717E-1 8.57646E-2 8.89685E-2 8.86103E-2 9.64027E-2 1.14328E-1 9.57473E-2 6.55719E-2 4.92984E-2 4.16735E-2 4.02901E-2 4.29397E-2 4.95117E-2 6.03633E-2 5.14534E-2 5.28013E-2 5.52879E-2 5.94264E-2 5.0716E-2 3.89192E-2 3.45679E-2 3.39837E-2 3.44989E-2 3.96598E-2 4.95686E-2 4.66064E-2 5.49446E-2 6.47125E-2 4.93081E-2 5.03941E-2 4.36557E-2 5.26296E-2 5.16702E-2 5.52324E-2 5.82703E-2 6.19489E-2 6.43338E-2 6.6328E-2 7.00199E-2 7.90125E-2 8.02827E-2 9.21611E-2 9.11119E-2 9.0231E-2 8.76407E-2 8.17813E-2 8.72518E-2 9.4462E-2 1.02553E-1 1.04512E-1 1.04995E-1 1.03093E-1 1.00044E-1 9.40043E-2 9.27462E-2 8.25132E-2 6.89787E-2
6.48333E-2 7.81883E-2 7.73339E-2 6.35781E-2 6.14676E-2 5.76322E-2 5.19661E-2 4.35896E-2 3.97309E-2 3.61678E-2 3.54614E-2 4.21627E-2 5.6526E-2 6.59622E-2 5.61562E-2 5.32099E-2 5.65991E-2 5.34003E-2 5.82771E-2 4.63979E-2 3.33101E-2 3.09173E-2 3.48289E-2 4.28354E-2 4.32855E-2 4.06999E-2 4.93582E-2 4.74752E-2 4.27836E-2 4.34308E-2 4.47909E-2 4.96071E-2 5.1152E-2 5.41609E-2 5.85754E-2 6.09355E-2 6.13423E-2 6.26813E-2 6.80366E-2 7.31477E-2 7.32678E-2 7.94161E-2 8.50833E-2 8.64564E-2 8.90182E-2 8.1826E-2 8.94169E-2 9.65509E-2 9.6634E-2 9.87659E-2 1.08608E-1 1.08326E-1 1.07985E-1 9.73284E-2 9.38363E-2 9.00169E-2 8.12382E-2
6.76204E-2 1.02356E-1 1.21498E-1 1.24707E-1 1.18244E-1 1.02109E-1 8.27845E-2 5.33011E-2 4.77152E-2 5.76468E-2 4.70449E-2 4.66884E-2 5.93389E-2 6.14874E-2 6.51979E-2 5.43325E-2 4.67472E-2 4.68916E-2 5.9932E-2 5.10907E-2 4.09729E-2 3.12135E-2 3.59557E-2 4.74217E-2 3.67867E-2 4.32566E-2 4.18528E-2 4.87868E-2 4.54244E-2 4.31762E-2 4.86646E-2 4.84366E-2 4.95854E-2 5.48957E-2 5.61743E-2 5.81083E-2 6.07725E-2 6.04131E-2 6.46922E-2 6.6414E-2 6.85221E-2 7.28555E-2 7.64939E-2 8.06748E-2 7.96769E-2 7.73046E-2 8.74702E-2 9.32302E-2 9.47201E-2 9.8601E-2 9.9333E-2 1.08891E-1 1.08457E-1 1.05259E-1 1.11583E-1 1.05034E-1 7.8075E-2
7.27093E-2 6.79034E-2 7.86821E-2 8.33119E-2 8.70328E-2 6.84279E-2 6.24083E-2 5.94762E-2 5.50318E-2 5.61112E-2 5.65893E-2 6.06324E-2 6.61411E-2 7.60552E-2 8.61515E-2 7.76079E-2 5.65993E-2 5.36635E-2 5.51143E-2 5.53246E-2 4.76257E-2 3.59714E-2 4.01082E-2 4.34208E-2 3.83134E-2 3.90963E-2 4.12647E-2 4.17487E-2 4.57183E-2 4.28905E-2 4.70452E-2 5.07673E-2 5.1264E-2 5.30762E-2 5.36255E-2 5.69643E-2 5.62751E-2 5.69167E-2 6.03148E-2 5.85194E-2 6.17464E-2 6.33616E-2 6.97645E-2 7.54858E-2 8.47538E-2 8.44446E-2 8.83992E-2 8.70172E-2 9.48882E-2 9.17043E-2 1.01913E-1 1.0841E-1 1.06294E-1 1.11206E-1 1.18705E-1 1.17869E-1 7.31266E-2
7.81686E-2 7.27934E-2 7.099E-2 6.77837E-2 7.44091E-2 7.03335E-2 6.85771E-2 5.98553E-2 4.8907E-2 5.54582E-2 5.95065E-2 6.99384E-2 7.18284E-2 7.50516E-2 7.54745E-2 6.53111E-2 6.009E-2 5.29995E-2 4.79062E-2 4.90475E-2 4.65452E-2 4.36819E-2 4.65451E-2 4.9537E-2 4.31457E-2 4.02556E-2 3.96055E-2 4.17819E-2 4.20657E-2 4.46738E-2 4.56399E-2 4.79943E-2 4.96959E-2 5.08588E-2 5.03609E-2 5.20844E-2 5.10528E-2 4.68636E-2 5.25243E-2 5.42719E-2 5.9187E-2 6.26106E-2 6.57987E-2 7.35226E-2 8.08737E-2 8.63333E-2 9.06422E-2 8.95461E-2 9.08639E-2 9.33956E-2 9.1514E-2 9.83345E-2 1.17108E-1 1.3565E-1 1.29609E-1 1.26672E-1 9.24254E-2
8.32175E-2 6.91135E-2 6.56641E-2 6.54143E-2 6.14541E-2 9.24616E-2 7.82268E-2 5.58116E-2 4.7787E-2 5.55079E-2 7.10085E-2 7.77824E-2 7.06907E-2 6.42582E-2 6.72085E-2 6.14475E-2 5.6604E-2 5.2059E-2 5.17333E-2 5.2078E-2 5.39843E-2 5.14707E-2 5.54241E-2 4.91943E-2 4.66049E-2 4.2698E-2 4.27947E-2 4.03097E-2 4.21082E-2 4.69723E-2 4.68138E-2 4.55859E-2 4.79543E-2 4.86493E-2 5.11425E-2 4.90117E-2 4.69536E-2 4.76053E-2 4.90187E-2 5.07751E-2 5.05068E-2 5.64501E-2 5.85126E-2 6.27068E-2 6.78891E-2 7.24292E-2 8.19777E-2 9.02699E-2 9.17666E-2 9.44963E-2 1.02619E-1 1.09543E-1 1.18135E-1 1.40813E-1 1.45322E-1 1.08542E-1 1.08078E-1
8.8323E-2 7.51425E-2 6.71593E-2 6.40521E-2 5.65593E-2 6.3047E-2 6.80656E-2 5.74464E-2 4.71693E-2 5.14132E-2 7.47428E-2 7.6807E-2 6.60596E-2 5.99781E-2 6.74414E-2 6.42187E-2 6.87886E-2 6.13541E-2 6.05237E-2 5.9456E-2 5.61095E-2 5.90087E-2 5.33385E-2 4.92473E-2 4.93401E-2 4.62681E-2 4.63963E-2 4.24772E-2 4.19144E-2 4.41374E-2 4.44691E-2 4.184E-2 4.50173E-2 4.54545E-2 4.7211E-2 4.70091E-2 4.15319E-2 4.55013E-2 4.82591E-2 4.75941E-2 4.8186E-2 4.79386E-2 5.2102E-2 5.95244E-2 5.72736E-2 6.82718E-2 7.26103E-2 7.69294E-2 8.41955E-2 8.73106E-2 9.35573E-2 1.00928E-1 1.13476E-1 1.29475E-1 1.59835E-1 1.25784E-1 1.36136E-1
8.95497E-2 8.70451E-2 8.05969E-2 7.9504E-2 6.59597E-2 5.64182E-2 5.39852E-2 5.2848E-2 5.21185E-2 5.33693E-2 6.72479E-2 7.74765E-2 6.25227E-2 5.7823E-2 5.96424E-2 6.02099E-2 6.51534E-2 6.5017E-2 6.17211E-2 6.69189E-2 7.56252E-2 6.38844E-2 6.0015E-2 5.65215E-2 5.28035E-2 4.78874E-2 4.82667E-2 4.53202E-2 4.62885E-2 4.10132E-2 3.91071E-2 4.13587E-2 4.59069E-2 4.57203E-2 4.45581E-2 4.22795E-2 4.26381E-2 4.41484E-2 4.50561E-2 4.27536E-2 4.22186E-2 4.17759E-2 4.83859E-2 5.10204E-2 5.71241E-2 5.46095E-2 6.59249E-2 7.67928E-2 8.26102E-2 7.8178E-2 8.14725E-2 8.99948E-2 1.00547E-1 1.16629E-1 1.44207E-1 1.77539E-1 1.67133E-1
8.72682E-2 8.39911E-2 8.35059E-2 7.73352E-2 7.26887E-2 6.84918E-2 5.80899E-2 5.92012E-2 7.45995E-2 6.69553E-2 6.8909E-2 6.95485E-2 6.44355E-2 5.82495E-2 5.03186E-2 5.03909E-2 5.74315E-2 6.39352E-2 6.37129E-2 6.96333E-2 7.69084E-2 6.87392E-2 6.29876E-2 5.63592E-2 5.32242E-2 4.87511E-2 5.10131E-2 4.74346E-2 4.69368E-2 4.30322E-2 3.83677E-2 3.91181E-2 3.97763E-2 4.09466E-2 4.03161E-2 3.89517E-2 3.97773E-2 3.89568E-2 3.79693E-2 3.50909E-2 3.7561E-2 4.14446E-2 4.53057E-2 4.62352E-2 5.13552E-2 5.64133E-2 5.63694E-2 6.41522E-2 7.61346E-2 7.41931E-2 7.76066E-2 8.60163E-2 9.89983E-2 1.16609E-1 1.40322E-1 1.63872E-1 2.1185E-1
