squatch_data_from_lozier/BF-prints.asc
ncols         408
nrows         396
xllcorner     -135.0
yllcorner     23.0
cellsize      0.08333333333333333
NODATA_value  -9999
[rows 225 to 249 of 396, columns 171 to 227 of 408]
8.90551E-2 8.61821E-2 8.38823E-2 8.72726E-2 8.71374E-2 9.01863E-2 9.51337E-2 9.09576E-2 1.00411E-1 1.01365E-1 1.25524E-1 1.40112E-1 1.866E-1 1.93058E-1 2.19522E-1 3.32604E-1 4.46557E-1 6.22096E-1 7.16764E-1 6.98561E-1 6.26731E-1 6.13994E-1 5.68586E-1 4.83862E-1 3.989E-1 3.56255E-1 3.51426E-1 3.48744E-1 2.34288E-1 2.71771E-2 8.2536E-2 2.24208E-1 2.3094E-1 8.80358E-2 5.28671E-3 3.03587E-3 6.32683E-3 5.42992E-3 1.99801E-3 6.35578E-3 3.76489E-2 2.68708E-2 7.0254E-3 4.94198E-3 4.75636E-3 5.57326E-3 6.70544E-3 1.09794E-2 1.95932E-2 1.71498E-2 2.63332E-2 3.73479E-2 4.77019E-2 5.31835E-2 5.48614E-2 2.58192E-2 1.48779E-2
9.47061E-2 7.86254E-2 8.34931E-2 8.77383E-2 8.42405E-2 8.84237E-2 9.88064E-2 9.45713E-2 8.38876E-2 8.67456E-2 9.06294E-2 1.15373E-1 1.2398E-1 1.44295E-1 1.62536E-1 2.09857E-1 3.38212E-1 6.36052E-1 6.90563E-1 7.3318E-1 6.52398E-1 6.56387E-1 6.15784E-1 4.77737E-1 4.08657E-1 3.34744E-1 3.12783E-1 3.49702E-1 4.77811E-1 6.28501E-2 4.80886E-2 2.6771E-1 2.68386E-1 1.32062E-1 1.32645E-2 5.51667E-3 4.07452E-3 8.59585E-3 3.36053E-3 3.25096E-3 1.40812E-2 1.44164E-2 6.89393E-3 1.34986E-2 6.4721E-3 7.86318E-3 6.28375E-3 1.0278E-2 9.92186E-3 1.15907E-2 2.2506E-2 3.53219E-2 2.52235E-2 2.53306E-2 3.88567E-2 1.53777E-2 1.09015E-2
9.39813E-2 9.27286E-2 8.34795E-2 8.03419E-2 9.28294E-2 8.96703E-2 9.02321E-2 8.85712E-2 8.84628E-2 8.24689E-2 8.27006E-2 8.36205E-2 8.29567E-2 1.04697E-1 1.42305E-1 2.21883E-1 3.61846E-1 4.66596E-1 5.93864E-1 6.60217E-1 7.31203E-1 7.24329E-1 6.26014E-1 5.40951E-1 4.69657E-1 5.06102E-1 4.53634E-1 3.02339E-1 5.09644E-1 9.86856E-2 4.8911E-2 3.52441E-1 3.20882E-1 2.15608E-1 6.56907E-2 3.82087E-2 7.46055E-3 1.40447E-2 9.06269E-3 3.04163E-3 4.34643E-3 5.56279E-3 2.35187E-2 5.47681E-2 1.33807E-2 8.27237E-3 1.03355E-2 1.20388E-2 9.52686E-3 1.19363E-2 2.11956E-2 4.58456E-2 2.66349E-2 1.95621E-2 2.92985E-2 1.43448E-2 9.7142E-3
7.75555E-2 8.75934E-2 8.72479E-2 7.70498E-2 8.3602E-2 7.66672E-2 7.8775E-2 8.33125E-2 8.22357E-2 8.49636E-2 8.14E-2 7.37619E-2 7.17782E-2 9.14554E-2 9.65317E-2 1.4954E-1 1.93055E-1 2.11576E-1 2.99219E-1 4.78261E-1 6.61707E-1 7.13333E-1 6.67096E-1 6.85424E-1 6.42018E-1 6.35838E-1 4.63298E-1 3.46424E-1 3.82326E-1 1.66388E-1 5.64572E-2 3.79215E-1 3.29856E-1 2.17348E-1 2.40502E-2 3.82611E-2 3.12534E-2 8.17677E-2 2.87089E-2 7.10226E-3 2.99701E-3 4.23875E-3 3.50176E-2 8.84623E-2 3.22121E-2 1.64929E-2 1.28903E-2 9.6675E-3 9.56588E-3 1.01796E-2 1.9717E-2 2.76886E-2 2.189E-2 4.14365E-2 3.33056E-2 1.80123E-2 1.22753E-2
7.90204E-2 7.19739E-2 6.60649E-2 7.32991E-2 6.80055E-2 7.21611E-2 7.62825E-2 7.9865E-2 7.79741E-2 7.97356E-2 7.89206E-2 7.20739E-2 7.41838E-2 6.96289E-2 7.57565E-2 1.11443E-1 1.56204E-1 1.45633E-1 2.11679E-1 2.00191E-1 3.04022E-1 4.94632E-1 6.67166E-1 7.19316E-1 6.31821E-1 5.38509E-1 5.50266E-1 4.8139E-1 3.58762E-1 4.95863E-1 6.15989E-2 1.22361E-1 3.91143E-1 5.86318E-2 1.1784E-2 1.02023E-2 9.16816E-3 7.58599E-2 8.61945E-2 1.1626E-1 9.26637E-3 2.34035E-3 3.62442E-3 1.8655E-2 3.49824E-2 1.55046E-2 1.06473E-2 9.52888E-3 1.18086E-2 1.10689E-2 1.11403E-2 1.63552E-2 1.23311E-2 1.89544E-2 2.43751E-2 1.81244E-2 1.03911E-2
6.47273E-2 7.6864E-2 6.71283E-2 6.72172E-2 7.23448E-2 7.54139E-2 7.31773E-2 7.99304E-2 7.72064E-2 7.39458E-2 7.04955E-2 7.72816E-2 7.21192E-2 7.50283E-2 6.99916E-2 7.55784E-2 9.5673E-2 1.48675E-1 1.90133E-1 3.00033E-1 4.0985E-1 6.15926E-1 6.15297E-1 6.53792E-1 7.0218E-1 7.01727E-1 6.41347E-1 4.92337E-1 3.65609E-1 5.91969E-1 9.66339E-2 4.89303E-2 3.64561E-1 3.34002E-1 1.27913E-2 9.42326E-3 1.07718E-2 2.45677E-2 2.24613E-2 1.53218E-1 2.24375E-2 2.69207E-3 1.89056E-3 3.2479E-3 1.09149E-2 1.4163E-2 1.31352E-2 6.43234E-3 8.27015E-3 1.13E-2 6.82442E-3 9.82395E-3 7.93485E-3 1.21652E-2 2.04196E-2 2.06287E-2 1.19018E-2
6.98033E-2 6.24886E-2 6.60071E-2 6.12391E-2 6.321E-2 6.82323E-2 7.31728E-2 7.43574E-2 7.32799E-2 7.38197E-2 6.39604E-2 7.01095E-2 7.70295E-2 6.84071E-2 7.29595E-2 7.28226E-2 8.20018E-2 1.24449E-1 1.68616E-1 2.13491E-1 3.49467E-1 5.94857E-1 6.57665E-1 7.23918E-1 6.65832E-1 6.72384E-1 5.63219E-1 3.84809E-1 3.37438E-1 5.65597E-1 2.61949E-1 7.65E-2 1.22284E-1 4.06346E-1 5.75543E-2 8.56474E-3 7.67558E-3 1.12622E-2 2.15504E-2 4.668E-2 1.24531E-2 2.7878E-3 1.86781E-3 1.50872E-3 2.30158E-3 2.6242E-3 1.09746E-2 8.64998E-3 5.25911E-3 3.73227E-3 4.60133E-3 4.52457E-3 5.67628E-3 1.05618E-2 1.32826E-2 1.87202E-2 1.81293E-2
5.34348E-2 6.44037E-2 5.73024E-2 5.94769E-2 6.89431E-2 6.6288E-2 6.57662E-2 7.31658E-2 6.75447E-2 7.06888E-2 6.13586E-2 7.00408E-2 6.50546E-2 7.37232E-2 6.94008E-2 7.50727E-2 7.2429E-2 7.57801E-2 1.27542E-1 1.69943E-1 2.18228E-1 3.18344E-1 5.45482E-1 6.73345E-1 6.7914E-1 5.71539E-1 5.18244E-1 4.00467E-1 3.85249E-1 3.54501E-1 6.04794E-1 1.88966E-1 6.1617E-2 4.29128E-1 4.15582E-1 7.69114E-2 2.16089E-2 1.2579E-2 6.63772E-2 5.59697E-2 1.27879E-2 3.52292E-3 1.97774E-3 1.79196E-3 2.02417E-3 1.17994E-3 1.53289E-3 5.60339E-3 5.60086E-3 4.00536E-3 3.47358E-3 4.26332E-3 5.06363E-3 8.3875E-3 1.38304E-2 1.74987E-2 1.87325E-2
4.97587E-2 4.6415E-2 4.93944E-2 5.26052E-2 6.6375E-2 6.77647E-2 6.66354E-2 6.308E-2 6.39039E-2 6.56732E-2 5.87409E-2 6.22648E-2 5.59388E-2 7.16734E-2 7.13266E-2 7.62256E-2 7.73478E-2 7.1538E-2 9.43473E-2 1.04977E-1 1.49588E-1 2.05663E-1 2.33484E-1 4.48908E-1 6.44644E-1 7.22711E-1 5.25299E-1 4.16558E-1 5.40821E-1 3.46532E-1 4.39117E-1 5.0295E-1 8.31016E-2 6.11346E-2 2.07677E-1 4.04201E-1 3.18023E-1 1.50792E-1 1.88697E-1 1.47646E-1 1.7219E-2 6.94534E-3 3.41351E-3 1.14663E-2 2.31738E-3 1.48404E-3 1.03411E-3 2.80717E-3 1.56653E-2 6.44281E-3 3.21908E-3 3.21726E-3 3.75263E-3 3.90445E-3 4.28672E-3 5.35892E-3 1.84602E-2
4.46237E-2 4.82513E-2 4.56293E-2 4.80127E-2 7.04311E-2 6.12262E-2 6.8243E-2 5.79495E-2 6.18384E-2 5.64418E-2 4.8997E-2 5.78756E-2 5.68188E-2 6.08695E-2 7.17095E-2 6.78537E-2 7.1413E-2 8.31655E-2 7.4339E-2 7.44872E-2 8.88836E-2 1.41245E-1 1.18768E-1 3.3294E-1 6.46777E-1 6.90425E-1 5.6332E-1 6.22625E-1 5.9351E-1 4.40029E-1 4.20351E-1 5.01618E-1 1.47219E-1 5.91869E-2 5.03463E-2 2.13966E-1 3.81714E-1 1.40895E-1 4.84993E-2 1.04266E-2 2.67462E-2 3.77805E-2 1.11642E-2 5.59259E-2 4.52385E-3 1.51433E-3 1.23547E-3 2.14282E-3 1.22582E-2 1.68182E-2 3.34393E-3 2.92432E-3 2.86878E-3 3.41736E-3 3.42993E-3 5.04797E-3 1.90941E-2
1.73622E-1 2.15964E-1 7.01617E-2 4.1457E-2 4.98473E-2 6.25096E-2 6.45483E-2 6.6723E-2 5.51732E-2 4.93764E-2 5.1525E-2 4.81785E-2 5.53482E-2 6.20792E-2 6.85208E-2 7.07342E-2 7.58963E-2 8.14791E-2 7.70525E-2 7.6554E-2 6.85383E-2 1.01738E-1 1.48678E-1 4.25771E-1 6.86108E-1 6.59662E-1 6.17976E-1 6.12825E-1 6.52642E-1 6.07095E-1 5.30448E-1 5.05102E-1 3.00211E-1 5.888E-2 6.97581E-2 1.23261E-1 2.21604E-1 1.20568E-1 2.13288E-2 6.4759E-3 5.71983E-3 4.00928E-2 1.78804E-1 6.3843E-2 1.72126E-2 1.70311E-3 1.30788E-3 1.81951E-3 3.76506E-3 1.24381E-2 8.51845E-3 3.67558E-3 2.56084E-3 2.81635E-3 5.27875E-3 8.78573E-3 8.23253E-3
9.72287E-2 9.90701E-2 7.95977E-2 7.03919E-2 4.18689E-2 4.9284E-2 5.40477E-2 6.36714E-2 4.95338E-2 4.41265E-2 4.62445E-2 4.98935E-2 5.14168E-2 5.50125E-2 6.55761E-2 6.84247E-2 7.77377E-2 7.62808E-2 7.19166E-2 7.41459E-2 7.03454E-2 8.87276E-2 2.53062E-1 4.06794E-1 6.53797E-1 7.00792E-1 7.18545E-1 6.75222E-1 6.73154E-1 6.08652E-1 6.10922E-1 5.21493E-1 3.19083E-1 8.66158E-2 2.72994E-1 3.4348E-1 1.89682E-1 1.55229E-1 5.30169E-2 2.21785E-2 4.94453E-3 1.0788E-2 5.0387E-2 1.72336E-1 7.27522E-2 2.62679E-3 1.16296E-3 1.71437E-3 1.12437E-2 1.27394E-2 5.04247E-3 3.26682E-3 2.51254E-3 4.3381E-3 4.53554E-3 5.67156E-3 3.50035E-3
5.06361E-2 5.76059E-2 4.17741E-2 2.7995E-2 3.02847E-2 4.10875E-2 4.66529E-2 4.9737E-2 5.05725E-2 4.26228E-2 4.57997E-2 4.12337E-2 4.351E-2 5.28804E-2 5.5409E-2 6.72877E-2 6.93124E-2 7.2008E-2 7.29799E-2 6.78596E-2 6.79923E-2 8.48775E-2 1.21316E-1 1.25072E-1 4.86038E-1 6.70076E-1 7.06006E-1 6.93574E-1 7.04334E-1 6.60527E-1 6.43377E-1 6.18426E-1 5.50104E-1 1.18503E-1 3.01499E-1 4.99411E-1 4.48894E-1 1.9038E-1 8.78578E-2 8.91985E-2 6.24197E-3 4.62135E-3 1.74678E-2 3.03032E-1 2.00813E-1 3.6935E-3 1.44207E-3 1.32289E-3 1.75779E-2 2.06702E-2 1.0066E-2 4.26742E-3 2.70514E-3 3.85576E-3 6.78964E-3 2.97634E-3 2.73125E-3
3.84859E-2 4.22447E-2 3.15469E-2 2.48768E-2 3.08482E-2 3.09574E-2 3.62344E-2 3.00136E-2 3.07857E-2 3.3848E-2 3.69273E-2 4.09795E-2 4.1816E-2 4.48286E-2 5.09123E-2 6.41133E-2 7.04876E-2 6.85938E-2 7.08757E-2 7.13399E-2 6.69741E-2 6.73857E-2 6.52268E-2 1.03389E-1 4.6485E-1 6.1909E-1 6.88872E-1 6.51068E-1 6.98043E-1 6.76719E-1 6.49371E-1 6.48905E-1 5.7968E-1 1.37841E-1 2.92937E-1 3.29954E-1 4.27516E-1 3.28131E-1 2.03802E-1 2.90706E-1 8.10871E-3 3.8821E-3 6.59384E-3 3.07187E-1 2.52615E-1 4.89974E-3 1.36329E-3 1.20879E-3 4.88891E-3 4.41853E-2 1.80483E-2 9.7567E-3 5.68627E-3 2.69125E-3 6.13745E-3 5.73445E-3 2.60344E-3
2.85653E-2 3.52732E-2 5.31408E-2 2.96824E-2 2.31411E-2 2.0116E-2 2.53953E-2 2.6938E-2 2.66677E-2 2.43373E-2 2.61976E-2 3.02201E-2 3.57561E-2 4.02251E-2 4.31828E-2 5.16929E-2 6.07722E-2 6.72153E-2 7.81016E-2 7.3661E-2 7.47088E-2 6.00784E-2 6.65197E-2 1.01713E-1 2.59003E-1 6.29813E-1 6.59711E-1 6.33668E-1 6.88942E-1 6.84426E-1 6.75747E-1 6.6115E-1 5.79373E-1 1.19345E-1 9.72916E-2 1.21175E-1 1.23428E-1 3.0164E-1 3.59209E-1 2.81153E-1 1.18967E-2 4.23689E-3 5.2644E-3 1.82601E-1 2.66637E-1 1.26751E-2 1.98157E-3 1.27428E-3 5.49177E-3 2.29896E-2 1.03552E-2 6.15834E-3 6.05507E-3 2.45345E-3 3.67177E-3 6.65875E-3 5.76796E-3
2.61334E-2 2.54572E-2 3.65383E-2 4.03896E-2 8.11597E-2 5.6122E-2 2.42957E-2 2.20313E-2 2.39417E-2 2.7471E-2 2.61093E-2 2.83393E-2 3.47315E-2 3.78653E-2 4.01327E-2 5.42825E-2 6.47083E-2 7.01875E-2 7.28744E-2 7.94544E-2 6.70314E-2 6.03026E-2 6.61619E-2 1.25908E-1 4.04456E-1 6.23645E-1 6.11002E-1 5.8172E-1 7.00452E-1 6.92129E-1 6.8198E-1 6.73252E-1 5.98131E-1 3.6289E-1 9.89015E-2 6.78273E-2 3.21734E-2 7.48259E-2 3.30148E-1 2.22523E-1 2.4304E-2 6.28949E-3 5.13783E-3 1.42424E-1 3.40456E-2 9.89985E-3 2.48429E-3 1.45112E-3 1.79217E-3 5.42114E-3 5.73844E-3 6.31535E-3 3.78743E-3 2.27191E-3 2.31922E-3 3.63442E-3 1.06922E-2
2.10163E-2 2.05479E-2 2.94053E-2 2.64834E-2 2.02793E-2 3.83202E-2 2.93362E-2 1.86233E-2 1.94506E-2 2.50415E-2 2.61212E-2 2.58003E-2 3.36905E-2 3.64169E-2 4.03802E-2 5.2198E-2 5.35211E-2 7.11444E-2 7.40063E-2 7.26729E-2 6.78579E-2 6.55991E-2 6.72863E-2 1.00038E-1 1.71247E-1 5.13548E-1 6.51944E-1 4.01625E-1 7.13233E-1 7.00208E-1 6.92261E-1 6.72465E-1 6.11045E-1 4.22397E-1 4.55991E-2 3.05434E-2 2.48322E-2 2.24932E-2 1.24112E-1 1.82083E-1 1.66919E-2 1.0216E-2 5.99475E-3 2.12753E-2 2.86348E-2 1.40337E-2 4.78145E-3 1.99622E-3 1.88584E-3 1.50616E-3 1.86054E-3 5.53713E-3 4.68961E-3 1.92916E-3 1.71033E-3 3.12987E-3 4.50927E-3
1.61553E-2 1.78679E-2 1.7007E-2 2.70649E-2 2.03829E-2 1.76382E-2 3.22581E-2 2.24731E-2 2.12633E-2 2.08733E-2 2.30987E-2 2.54245E-2 4.06532E-2 3.56403E-2 3.98747E-2 4.76429E-2 6.3502E-2 7.84698E-2 8.1459E-2 7.55018E-2 7.41576E-2 5.9272E-2 6.48322E-2 1.43588E-1 2.42889E-1 6.00794E-1 6.19823E-1 2.75763E-1 6.79156E-1 7.078E-1 6.49251E-1 5.27998E-1 5.83538E-1 3.8323E-1 3.71502E-2 2.16572E-2 2.2216E-2 1.73805E-2 3.9267E-2 5.71501E-2 9.09106E-3 7.13089E-3 2.01479E-2 8.41627E-3 9.38078E-3 5.15752E-3 5.10594E-3 7.48804E-3 5.81216E-3 2.24456E-3 1.45966E-3 2.0119E-3 2.62563E-3 2.58248E-3 1.81092E-3 3.46901E-3 4.95091E-3
1.56345E-2 1.12748E-2 1.35204E-2 1.70936E-2 1.94985E-2 1.8897E-2 3.28761E-2 2.26846E-2 1.98309E-2 2.63736E-2 2.54382E-2 2.9561E-2 3.82557E-2 4.52352E-2 4.37745E-2 5.39721E-2 6.30714E-2 6.49788E-2 7.40785E-2 7.43608E-2 7.20205E-2 5.95165E-2 7.43653E-2 1.75607E-1 2.28235E-1 4.65264E-1 6.03216E-1 1.5969E-1 1.73686E-1 2.01992E-1 1.84198E-1 3.48361E-1 4.91147E-1 4.42195E-1 3.83643E-2 2.74809E-2 2.76782E-2 1.58465E-2 1.65477E-2 1.46152E-2 7.05144E-3 5.83518E-3 1.51419E-2 8.33874E-3 9.77852E-3 7.85825E-3 1.08315E-2 5.22467E-3 4.34229E-3 3.54496E-3 1.54919E-3 1.11629E-3 1.23563E-3 1.38123E-3 1.87069E-3 2.31171E-3 3.81807E-3
2.29709E-2 1.56124E-2 1.67704E-2 1.6725E-2 1.6761E-2 2.70862E-2 4.7099E-2 3.42811E-2 2.22038E-2 2.41714E-2 2.56449E-2 3.31926E-2 3.82718E-2 4.58699E-2 4.59212E-2 5.10928E-2 4.94623E-2 6.53846E-2 6.66795E-2 8.02941E-2 7.4836E-2 8.52556E-2 8.13893E-2 1.72613E-1 2.35495E-1 5.54072E-1 3.5649E-1 1.37672E-1 1.91748E-1 2.01146E-1 2.92407E-1 6.83722E-1 5.63266E-1 3.23208E-1 4.83261E-2 2.33665E-2 2.97442E-2 2.11777E-2 1.90345E-2 1.45818E-2 6.94682E-3 7.11417E-3 3.51998E-2 1.79907E-2 7.78277E-3 1.91815E-2 2.34141E-2 1.12132E-2 5.08493E-3 3.40065E-3 2.66068E-3 2.17712E-3 1.4575E-3 1.41664E-3 1.48266E-3 2.38347E-3 2.68704E-3
3.25551E-2 2.54376E-2 2.2504E-2 2.32781E-2 2.54294E-2 2.43133E-2 3.29932E-2 5.07176E-2 4.75466E-2 3.86753E-2 3.0157E-2 3.55798E-2 3.99094E-2 5.29699E-2 5.10518E-2 5.21303E-2 5.97369E-2 7.31938E-2 7.34578E-2 8.08593E-2 7.78739E-2 7.03442E-2 6.62783E-2 1.57201E-1 2.89762E-1 2.76706E-1 3.28535E-1 5.19699E-1 6.35758E-1 6.05709E-1 3.11912E-1 5.38214E-1 2.6022E-1 9.62457E-2 6.71815E-2 5.42993E-2 5.08071E-2 5.5249E-2 3.21965E-2 1.6751E-2 1.06994E-2 9.19763E-3 1.07364E-2 8.09082E-3 7.57338E-3 9.20743E-3 2.22899E-2 1.40828E-2 7.27753E-3 7.15141E-3 1.25972E-2 1.2303E-2 2.61547E-2 9.32827E-3 1.82213E-3 2.27246E-3 4.08155E-3
6.02842E-2 4.08415E-2 3.7947E-2 3.74789E-2 4.05088E-2 3.45977E-2 3.60582E-2 5.71275E-2 7.72991E-2 1.13512E-1 5.60331E-2 4.35173E-2 4.57983E-2 5.37051E-2 6.51172E-2 5.62872E-2 6.423E-2 7.07377E-2 8.01856E-2 8.84379E-2 8.44417E-2 7.03712E-2 6.33902E-2 9.82434E-2 2.15562E-1 5.72365E-1 4.85996E-1 5.7738E-1 6.74247E-1 6.68826E-1 5.47936E-1 4.93834E-1 1.99205E-1 1.02433E-1 1.66116E-1 1.2353E-1 1.00988E-1 7.28043E-2 7.75087E-2 2.49417E-2 1.92157E-2 2.26326E-2 2.14159E-2 2.02569E-2 2.06236E-2 1.36346E-2 1.82895E-2 1.30953E-2 1.46539E-2 1.93671E-2 1.85844E-2 1.32208E-2 1.63894E-2 1.52304E-2 2.99986E-3 2.22372E-3 4.14795E-3
1.00839E-1 6.61419E-2 4.9172E-2 5.65373E-2 7.33644E-2 7.11472E-2 5.44519E-2 5.7511E-2 6.65485E-2 9.14349E-2 1.53875E-1 8.3095E-2 5.49602E-2 5.75959E-2 6.51153E-2 6.11389E-2 7.42979E-2 7.57402E-2 8.17687E-2 8.5584E-2 7.69647E-2 6.5299E-2 6.35976E-2 5.84566E-2 1.36727E-1 2.77853E-1 3.45737E-1 4.19897E-1 4.64061E-1 6.1318E-1 3.79257E-1 3.51913E-1 1.43623E-1 6.2775E-2 4.53838E-2 3.18515E-2 5.88449E-2 1.14765E-1 7.68336E-2 5.08574E-2 4.21074E-2 5.70544E-2 7.95293E-2 2.68777E-2 3.0661E-2 2.00655E-2 1.45929E-2 2.08232E-2 1.13973E-2 9.28736E-3 7.56308E-3 6.73376E-3 5.47145E-3 4.5025E-3 2.46945E-3 3.54991E-4 5.99834E-4
9.99755E-2 9.69376E-2 8.5771E-2 6.97446E-2 6.2603E-2 8.13593E-2 1.29232E-1 6.99537E-2 8.2461E-2 7.1076E-2 7.97737E-2 1.83552E-1 1.13046E-1 7.29881E-2 7.85792E-2 8.27421E-2 8.4073E-2 8.02137E-2 7.88677E-2 7.98239E-2 7.71845E-2 6.48755E-2 6.29112E-2 6.41173E-2 7.40866E-2 1.16781E-1 2.47487E-1 3.0945E-1 3.03919E-1 4.84828E-1 3.34412E-1 2.34294E-1 8.84905E-2 3.76468E-2 3.96252E-2 7.98221E-2 1.37527E-1 8.81639E-2 4.38549E-2 3.23373E-2 4.54022E-2 6.71521E-2 6.15771E-2 1.88375E-2 1.51897E-2 1.4705E-2 1.7533E-2 1.59323E-2 8.53123E-3 6.58421E-3 7.48925E-3 4.27506E-3 4.65962E-3 4.16979E-3 4.84425E-3 4.92522E-4 3.76815E-4
1.14969E-1 1.01381E-1 9.66078E-2 7.06959E-2 6.46412E-2 7.91649E-2 8.55486E-2 1.14578E-1 9.29623E-2 9.74183E-2 7.95633E-2 8.66435E-2 1.34115E-1 1.08007E-1 7.85891E-2 9.29915E-2 9.74755E-2 7.59783E-2 7.79421E-2 8.16754E-2 7.04266E-2 6.28096E-2 5.64016E-2 5.37879E-2 1.75819E-1 4.47532E-1 3.23052E-1 4.76069E-1 5.03351E-1 5.25417E-1 4.6824E-1 2.21427E-1 6.26751E-2 4.75439E-2 5.54174E-2 7.2903E-2 5.7249E-2 4.92415E-2 4.9715E-2 4.68115E-2 3.88878E-2 4.1352E-2 3.03076E-2 1.88881E-2 1.66059E-2 1.73454E-2 1.81744E-2 1.63256E-2 9.11727E-3 5.6679E-3 4.60287E-3 3.65532E-3 3.73752E-3 6.69246E-3 5.99148E-3 4.88377E-4 3.84681E-4
